0.19297708 0.69147175 0.22988572
0.8851826  0.99223085 0.46954092
0.22592639 0.13480422 0.38206696
0.94113365 0.80890989 0.35693721
0.07835429 0.5765791  0.25658516
0.6740633  0.71548923 0.91123652
0.61518162 0.01733804 0.99276334
0.7382626  0.1344129  0.77072242
0.99248735 0.56804798 0.01718234
0.52394258 0.74310156 0.16616392
0.37076321 0.40416225 0.33293328
0.25145759 0.62059186 0.42628716
0.12660589 0.31055246 0.39953589
0.98131524 0.30332541 0.70851919
0.36589934 0.04758967 0.10558267
0.07116917 0.66576097 0.49194238
0.44091918 0.88596406 0.2617309 
0.13905345 0.71801804 0.37851744
0.74762886 0.55810203 0.16337123
0.60392096 0.6258762  0.77138614