05:49:16:909 -11.593599 276.60413 -38.68351
05:49:17:091 98.37171 234.4997 -110.43682
05:49:17:273 53.988464 191.81369 -171.28711
05:49:17:456 2.9669464 193.67477 182.84549
05:49:17:639 -37.46717 133.48712 56.82621
05:49:17:820 -41.274715 90.125565 153.87373
05:49:18:002 -144.49722 108.87651 -207.69395
05:49:18:187 -84.18488 97.444466 -125.931404
05:49:18:369 -2.0320892 252.45032 -224.09816
05:49:18:549 84.37668 272.8308 -180.61934
05:49:18:734 -143.19484 -81.11546 -57.918503
05:49:18:917 18.948893 -65.27545 237.33893
05:49:19:099 -67.58702 -17.168163 93.525505
05:49:19:282 -31.467665 -28.100182 61.79552
05:49:19:467 56.805836 -103.885506 131.22482
05:49:19:646 59.61878 12.662625 -105.14164
05:49:19:828 14.366717 74.29666 -122.996284
05:49:20:010 119.139984 167.65857 82.61023
05:49:20:192 -19.996296 121.48509 -167.4015
05:49:20:374 -73.65118 -124.42598 -144.45605
05:49:20:557 127.44942 0.06108284 -144.87076
05:49:20:739 -82.87848 -33.08792 107.63283
05:49:20:919 -210.91699 -6.5499306 106.60124
05:49:21:104 86.01724 2.0386696 218.97726
05:49:21:287 -12.78309 -17.523289 -136.26538
05:49:21:469 79.22364 -75.8867 -174.90277
05:49:21:650 319.279 -142.4978 109.657
05:49:21:833 536.7984 -465.66934 -7.6622963
05:49:22:014 181.96645 -467.34875 176.40962
05:49:22:196 392.27924 -509.2992 -22.640705
05:49:22:380 484.10422 -427.16818 -96.07019
05:49:22:562 340.73874 -163.9836 -107.69448
05:49:22:742 375.44897 -235.7688 -169.66786
05:49:22:924 198.07568 -384.5625 -76.73936
05:49:23:106 14.037943 -330.82657 107.165436
05:49:23:289 289.15778 550.1583 -741.9206
05:49:23:471 1287.2971 340.3333 -253.16634
05:49:23:655 -1337.2382 -153.53119 104.12564
05:49:23:836 -1164.7953 -234.87701 -306.8705
05:49:24:017 1288.9015 -747.01263 -178.45674
05:49:24:200 564.14197 -58.80256 798.2804
05:49:24:382 -305.08575 -557.30994 152.29926
05:49:24:564 -377.19028 -757.1037 -242.09036
05:49:24:748 1476.9067 630.7206 284.99118
05:49:24:930 -596.5589 -412.14352 -91.88223
05:49:25:112 122.85394 80.56812 957.18164
05:49:25:293 -1187.9214 165.20557 -173.95964
05:49:25:477 -1572.6569 322.17413 -657.6719
05:49:25:656 -1246.0585 515.9379 -573.8315
05:49:25:839 12.962622 -219.91286 373.75937
05:49:26:020 738.42114 -423.0194 617.5418
05:49:26:204 1460.5292 259.77008 -145.90836
05:49:26:387 258.59885 292.47763 -293.7115
05:49:26:569 -178.12025 156.40762 -9.524298
05:49:26:750 273.34152 257.48163 238.89513
05:49:26:932 313.29498 -231.87971 847.72205
05:49:27:112 -718.5665 246.23187 -1210.2349
05:49:27:297 -599.94525 306.356 -618.4322
05:49:27:478 494.80106 -403.47644 990.66235
05:49:27:660 61.98311 63.367508 442.00803
05:49:27:843 -261.66922 -152.72356 169.72609
05:49:28:026 -254.5393 -5.912876 -171.45247
05:49:28:208 803.30475 433.1347 -278.90305
05:49:28:391 -252.24034 -33.511543 -143.44101
05:49:28:572 -202.17538 -201.87865 392.64194
05:49:28:753 -170.93433 62.601208 -21.276474
05:49:28:936 57.667637 -88.59541 862.9228
05:49:29:117 350.3028 -88.498215 -172.5585
05:49:29:299 -749.6791 470.49915 -866.6725
05:49:29:481 -677.70087 -262.39325 96.58118
05:49:29:663 794.4193 250.93544 39.722633
05:49:29:846 414.11295 215.30554 -1.1670113
05:49:30:028 137.64139 313.79398 -202.24428
05:49:30:208 149.37926 246.24663 -49.93496
05:49:30:391 602.9554 275.52954 -401.5792
05:49:30:575 236.0413 -85.85202 -34.141922
05:49:30:758 -385.7929 -132.08202 166.14389
05:49:30:939 -640.7681 -8.170736 361.61624
05:49:31:120 -137.1922 -59.97679 162.49228
05:49:31:305 701.61816 218.07039 44.183064
05:49:31:486 -234.56247 -32.600574 98.55528
05:49:31:669 -320.0055 -18.801863 -64.42924
05:49:31:851 37.054825 -88.210526 -5.956459
05:49:32:032 272.7106 7.772249 40.82184
05:49:32:214 -284.4377 -122.689964 94.71712
05:49:32:396 -202.64972 -74.01768 -26.892853
05:49:32:579 190.70058 13.188732 66.978165
05:49:32:762 -151.9913 -79.856834 -31.65369
05:49:32:944 -88.45625 -48.562122 -17.086697
05:49:33:126 22.899008 -31.762648 -45.27378
05:49:33:308 136.11755 17.495287 -56.905556
05:49:33:492 -81.88176 -35.996235 27.453041
05:49:33:674 -33.900978 -37.60791 7.9797745
05:49:33:856 125.346664 15.309119 -63.52892
05:49:34:039 297.75714 40.020897 130.18399
05:49:34:220 -359.97986 97.52408 -190.44443
05:49:34:300 -545.99097 227.422 -219.58676
05:49:34:302 -487.9345 210.28583 -292.89313
05:49:34:344 -425.0167 184.12665 -322.80692
05:49:34:346 -367.78693 158.02766 -341.37473
05:49:34:362 -300.3589 121.05897 -223.49043
05:49:34:382 -231.85925 68.11587 -54.09851
05:49:34:400 -140.09196 33.423077 57.089188
05:49:34:422 -8.832443 -16.16695 197.37257
05:49:34:440 86.40654 -50.28425 269.95016
05:49:34:460 205.50313 -66.08556 273.23117
05:49:34:483 318.40225 -58.42317 149.4383
05:49:34:500 390.52512 -45.97237 61.321877
05:49:34:520 448.60638 -26.051544 50.3983
05:49:34:542 474.57648 -17.585022 180.33582
05:49:34:560 442.48694 -14.834184 251.34067
05:49:34:580 383.6786 -34.08622 251.06497
05:49:34:603 377.43036 -51.403267 144.53859
05:49:34:620 433.72516 26.683247 -18.831635
05:49:34:640 442.55963 126.88622 -162.16951
05:49:34:662 372.24417 171.8049 -176.66335
05:49:34:680 254.88997 156.21504 -80.99499
05:49:34:701 224.21541 126.50435 142.64392
05:49:34:723 302.9169 151.96211 451.0375
05:49:34:740 324.50513 92.83841 482.07617
05:49:34:762 267.4574 108.556725 82.83301
05:49:34:783 164.54802 141.81795 -0.9648323
05:49:34:801 -44.388676 86.44695 -20.500755
05:49:34:821 -396.95062 -13.588572 -160.24866
05:49:34:843 -707.34845 -74.84589 -278.55936
05:49:34:860 -782.70435 -77.30702 -352.32993
05:49:34:880 -759.4767 -40.96756 -447.54773
05:49:34:902 -687.83746 13.770652 -527.7443
05:49:34:920 -614.4365 27.68066 -507.24014
05:49:34:940 -547.28796 20.803738 -427.81946
05:49:34:962 -495.29294 0.93655586 -358.53665
05:49:34:980 -422.09253 -3.2731533 -306.3666
05:49:35:000 -333.8432 5.043173 -265.97137
05:49:35:022 -257.11435 33.531998 -237.29448
05:49:35:040 -204.35071 48.08676 -154.40033
05:49:35:060 -167.11986 30.424643 -51.30893
05:49:35:083 -130.05658 -26.610447 89.2014
05:49:35:100 -100.02289 -81.62408 197.39578
05:49:35:120 -34.048225 -150.15234 257.5185
05:49:35:142 69.68164 -230.45006 258.68884
05:49:35:161 204.95653 -269.59625 240.66248
05:49:35:180 346.12164 -308.57486 304.39047
05:49:35:202 496.97903 -323.28516 615.1038
05:49:35:220 641.4162 -228.9391 681.135
05:49:35:240 752.94354 -132.5842 500.47025
05:49:35:262 895.60565 -54.351032 200.02336
05:49:35:282 854.77783 9.19323 -30.757141
05:49:35:301 792.61816 81.48134 -122.10064
05:49:35:323 604.98016 94.10791 57.660007
05:49:35:341 443.95178 68.96544 135.57816
05:49:35:361 363.2062 81.22206 179.9077
05:49:35:384 403.38324 148.48996 73.24715
05:49:35:402 425.18158 203.83661 8.413792
05:49:35:422 416.95367 241.9846 45.42246
05:49:35:444 323.0282 235.53535 16.609097
05:49:35:463 100.59185 170.42334 -109.10806
05:49:35:482 -189.79234 111.629745 -52.808952
05:49:35:507 -499.86563 22.838736 -49.525738
05:49:35:522 -656.17566 41.447567 -192.47113
05:49:35:542 -662.4677 9.023762 -129.26797
05:49:35:564 -816.32947 -11.360574 -288.4439
05:49:35:582 -867.01605 -17.89937 -379.96634
05:49:35:604 -889.56024 -21.406555 -443.99026
05:49:35:626 -859.13556 8.732939 -434.10754
05:49:35:644 -795.52966 19.62812 -386.36063
05:49:35:664 -670.9013 14.361691 -347.97153
05:49:35:686 -494.39026 27.004265 -246.77281
05:49:35:704 -392.63907 -19.386578 -112.37363
05:49:35:723 -324.07144 -72.20567 -49.483536
05:49:35:746 -160.99611 -150.08777 102.92044
05:49:35:764 -1.2299299 -205.49792 271.57983
05:49:35:784 188.25954 -227.60722 374.71136
05:49:35:806 392.52515 -214.26482 307.62234
05:49:35:824 532.5696 -183.67056 264.29434
05:49:35:844 739.41833 -74.15049 274.83588
05:49:35:864 863.1412 61.925686 345.90335
05:49:35:882 756.978 92.062874 386.47623
05:49:35:903 581.06506 80.35427 368.75058
05:49:35:925 444.54865 95.50476 278.33633
05:49:35:943 376.9001 86.55554 179.18901
05:49:35:962 365.30353 40.130054 122.85614
05:49:35:984 427.27994 -48.535137 83.72774
05:49:36:003 509.99783 -70.04945 -57.137012
05:49:36:023 503.5777 -53.166435 -247.78642
05:49:36:045 421.82483 -27.592873 -404.1368
05:49:36:062 299.9176 -7.325567 -467.1575
05:49:36:082 108.919334 9.654448 -489.41736
05:49:36:104 -98.27709 39.51953 -494.5835
05:49:36:123 -250.81796 58.81459 -458.68414
05:49:36:144 -398.70883 64.48199 -419.23828
05:49:36:166 -521.81006 59.438812 -329.06976
05:49:36:183 -568.3832 32.80232 -166.91017
05:49:36:203 -630.9252 -27.389912 73.33722
05:49:36:226 -649.5459 -74.585976 255.0003
05:49:36:243 -558.5198 -93.76326 295.36575
05:49:36:264 -391.65167 -96.654854 216.94688
05:49:36:287 -151.46835 -78.28159 158.23416
05:49:36:304 53.320076 -44.0457 149.38083
05:49:36:323 204.50902 12.648935 103.03207
05:49:36:345 271.0623 49.768337 59.24907
05:49:36:363 231.98157 61.650455 17.13562
05:49:36:383 147.27682 42.23332 -40.880966
05:49:36:405 110.92601 43.746834 -62.202263
05:49:36:423 74.758194 56.450176 -85.96323
05:49:36:443 54.634953 50.71485 -92.71333
05:49:36:465 45.048714 44.59427 -93.13331
05:49:36:483 62.280228 54.254986 -67.22806
05:49:36:503 84.30171 59.87661 -45.54615
05:49:36:526 126.62782 70.886314 -6.5563917
05:49:36:543 173.13051 73.7563 8.354378
05:49:36:564 230.44452 66.666725 52.078915
05:49:36:586 279.36047 73.25372 80.54614
05:49:36:604 275.97083 56.496025 92.97667
05:49:36:624 265.78903 43.856026 111.54051
05:49:36:646 243.46953 19.569921 136.92636
05:49:36:664 210.29053 15.27288 169.68532
05:49:36:684 146.01346 2.4496317 169.26808
05:49:36:706 46.514893 -8.000469 111.663246
05:49:36:724 -39.21337 -4.1018844 26.504803
05:49:36:744 -93.62192 -10.560107 -43.92047
05:49:36:766 -81.98462 -9.405804 -68.65625
05:49:36:784 -52.945995 -13.079357 -21.59667
05:49:36:804 -21.095657 -23.296797 49.187706
05:49:36:826 -5.3840637 -41.814007 91.44959
05:49:36:845 -20.205212 -59.884 83.31137
05:49:36:864 -50.83332 -72.0415 80.82323
05:49:36:887 -101.96008 -81.76749 39.566566
05:49:36:903 -144.77692 -76.140335 36.25026
05:49:36:923 -217.91344 -72.021706 -6.0519695
05:49:36:945 -300.3654 -71.408394 -54.642487
05:49:36:963 -344.2996 -64.21377 -57.121944
05:49:36:983 -371.97687 -38.154613 -42.44137
05:49:37:005 -380.32764 -8.496362 -94.09728
05:49:37:023 -350.04062 14.655614 -124.12105
05:49:37:043 -305.5076 44.286633 -156.18484
05:49:37:065 -262.02795 89.63569 -200.60692
05:49:37:083 -196.59753 84.158775 -211.05258
05:49:37:103 -170.11134 81.11805 -142.98393
05:49:37:126 -117.70105 74.088455 -133.54135
05:49:37:144 -89.18073 44.71357 -93.80824
05:49:37:164 -36.6755 15.27586 -18.924786
05:49:37:186 39.23161 -21.29916 27.95713
05:49:37:204 96.12651 -50.75071 104.5372
05:49:37:224 166.54286 -65.11794 193.57486
05:49:37:247 292.9803 -50.56201 234.92441
05:49:37:264 376.50842 -8.8451805 161.50674
05:49:37:287 412.87573 26.443708 -6.023264
05:49:37:305 394.46716 61.378788 -154.79597
05:49:37:323 333.77017 88.36914 -199.30432
05:49:37:343 264.5261 94.63806 -203.30655
05:49:37:365 193.8074 100.227806 -184.86414
05:49:37:383 154.6628 75.58522 -122.2247
05:49:37:403 183.68292 28.097607 -52.57585
05:49:37:426 331.01816 14.624858 7.931781
05:49:37:444 405.21487 2.8889418 60.16872
05:49:37:464 421.28354 -29.484797 162.48555
05:49:37:486 478.1933 -17.841589 299.88617
05:49:37:504 415.69138 -51.62395 315.56805
05:49:37:524 237.93144 -127.10997 152.85258
05:49:37:546 -114.58969 -234.23505 -9.307241
05:49:37:563 -276.12668 -269.75107 -9.744263
05:49:37:583 -634.8235 -304.29327 23.617458
05:49:37:605 -886.92035 -295.3425 91.48841
05:49:37:623 -954.3269 -224.973 97.51654
05:49:37:643 -920.7175 -109.10789 171.29422
05:49:37:667 -714.9298 -11.81879 137.03537
05:49:37:684 -548.0011 -14.052033 64.04128
05:49:37:704 -476.32617 -32.31125 129.19064
05:49:37:726 -463.99866 -124.49312 114.65349
05:49:37:744 -343.99997 -151.11931 268.89917
05:49:37:764 -129.43652 -129.89789 440.18115
05:49:37:785 48.535122 -74.42086 466.4955
05:49:37:804 103.95237 -55.13122 382.3904
05:49:37:823 85.84348 -36.63485 214.73828
05:49:37:845 19.065416 -53.05908 71.42258
05:49:37:864 -16.926723 -67.15617 -41.12301
05:49:37:884 8.677494 -87.053276 -129.62704
05:49:37:906 103.28761 -119.635056 -200.81339
05:49:37:924 179.74188 -135.16574 -207.00388
05:49:37:943 263.50723 -126.71213 -152.57826
05:49:37:966 306.19373 -96.772675 -104.44078
05:49:37:984 305.6738 -67.649506 -60.376072
05:49:38:004 324.60355 -40.71164 -32.402897
05:49:38:026 491.4487 45.962906 -131.07892
05:49:38:043 564.97205 129.66817 -193.16397
05:49:38:064 658.6514 254.66962 -283.24738
05:49:38:086 537.8391 391.06378 -382.89618
05:49:38:104 332.39325 350.20175 -278.54337
05:49:38:124 153.28789 133.63177 -72.4742
05:49:38:146 285.824 36.609505 -139.57625
05:49:38:164 361.9724 228.49129 -348.9815
05:49:38:184 209.70488 313.80774 -346.2249
05:49:38:206 -127.78549 217.52637 -184.08208
05:49:38:224 -339.16577 123.07091 -101.870224
05:49:38:244 -432.80252 35.43942 -22.501255
05:49:38:266 -408.68472 -22.215548 85.048584
05:49:38:284 -337.2911 -39.033596 163.61833
05:49:38:304 -236.1215 -35.249264 272.63574
05:49:38:327 -139.47935 -22.836233 351.80493
05:49:38:344 -126.33228 -28.995338 330.47867
05:49:38:364 -166.1901 -41.5843 243.12181
05:49:38:385 -200.18335 -34.225147 137.99257
05:49:38:403 -201.13669 -11.482135 70.744896
05:49:38:424 -183.70285 15.331668 21.926785
05:49:38:446 -155.9647 44.827473 -24.597788
05:49:38:467 -123.047874 55.78234 -51.09115
05:49:38:483 -108.97312 68.37708 -78.60665
05:49:38:505 -91.39247 63.70414 -60.395287
05:49:38:523 -62.196114 61.498123 -25.905848
05:49:38:542 -36.732006 47.857708 14.902115
05:49:38:565 15.243721 37.903084 70.533516
05:49:38:583 84.02324 14.23294 75.58098
05:49:38:602 173.52438 -4.3200912 72.91508
05:49:38:626 251.63774 -26.632654 119.62547
05:49:38:644 261.2628 -31.840935 176.53104
05:49:38:663 214.1819 -33.709057 216.30927
05:49:38:685 143.18877 -63.168682 142.40074
05:49:38:703 157.4565 -78.30853 20.63961
05:49:38:722 243.95505 -50.1966 -38.844013
05:49:38:746 287.6788 -9.319021 24.08886
05:49:38:764 223.24753 6.335807 84.20381
05:49:38:783 77.46382 -16.384056 54.529762
05:49:38:806 -25.755215 -27.472895 -76.85614
05:49:38:822 -61.97729 -11.2519655 -149.40266
05:49:38:842 -129.07181 -12.832412 -226.21107
05:49:38:865 -236.95374 -32.10172 -294.55328
05:49:38:883 -298.93347 -24.915207 -292.33905
05:49:38:902 -341.62177 -15.335155 -277.35123
05:49:38:947 -350.6804 -9.203452 -241.41827
05:49:38:948 -321.34277 -9.852812 -164.97795
05:49:38:963 -299.21347 -12.287712 -19.547224
05:49:38:986 -291.0871 -18.25801 139.89435
05:49:39:004 -263.8995 -32.61136 182.40294
05:49:39:023 -194.07237 -50.60646 216.40977
05:49:39:045 -76.342606 -46.231426 246.29683
05:49:39:063 56.532715 -24.91799 273.07968
05:49:39:083 238.8751 43.082916 228.61548
05:49:39:106 351.2292 94.99361 116.61882
05:49:39:122 340.936 102.61922 8.058929
05:49:39:142 212.22153 85.926216 -115.94825
05:49:39:166 30.9093 55.90766 -218.21857
05:49:39:182 -68.170456 44.534588 -256.17175
05:49:39:202 -110.65817 44.05552 -262.39996
05:49:39:224 -103.84994 38.117546 -245.92989
05:49:39:242 -95.33863 10.190585 -209.00264
05:49:39:262 -103.661415 -32.837517 -72.197296
05:49:39:284 -150.73502 -105.1853 184.7343
05:49:39:303 -210.22968 -92.193016 420.54318
05:49:39:323 -227.17867 -25.485832 745.3767
05:49:39:345 -134.24054 69.25298 898.9378
05:49:39:366 119.20175 105.39485 640.0433
05:49:39:384 474.61456 150.5894 297.89066
05:49:39:405 786.1437 283.66528 128.17593
05:49:39:423 692.1239 291.86496 47.56813
05:49:39:443 438.39084 210.12387 -70.74136
05:49:39:464 131.01407 110.82804 -290.27432
05:49:39:482 -49.9547 78.89378 -425.48523
05:49:39:502 -133.81929 71.35131 -452.44025
05:49:39:524 -191.14236 40.033817 -379.95715
05:49:39:542 -242.55553 1.5718937 -260.2942
05:49:39:562 -369.68845 -76.50852 -277.95667
05:49:39:586 -502.42456 -136.48283 -366.78802
05:49:39:604 -544.4469 -105.16389 -362.38553
05:49:39:625 -576.9155 -40.268005 -410.77142
05:49:39:648 -610.7436 56.661057 -440.4777
05:49:39:665 -550.46295 128.07498 -367.7055
05:49:39:686 -485.1912 156.47482 -271.94556
05:49:39:707 -461.32202 154.29425 -197.63608
05:49:39:725 -413.30386 87.61702 -114.62884
05:49:39:745 -358.2251 -46.363903 89.87872
05:49:39:767 -313.39597 -246.63806 422.8079
05:49:39:785 -236.54265 -315.49188 546.2609
05:49:39:803 -114.91585 -346.24905 602.1179
05:49:39:826 93.67146 -388.28516 362.7467
05:49:39:844 367.99643 -375.1778 81.41661
05:49:39:863 727.4736 -352.81625 31.996489
05:49:39:884 1206.7888 -202.7631 159.67654
05:49:39:903 1594.8379 137.55272 198.61183
05:49:39:923 1600.3425 328.20853 230.90926
05:49:39:946 1072.834 161.62418 87.041
05:49:39:963 619.6059 55.364132 -125.54851
05:49:39:983 282.88174 48.696774 -98.14029
05:49:40:006 56.59914 100.250854 -72.57447
05:49:40:024 -56.237984 134.21552 -187.7335
05:49:40:044 -134.44052 160.81264 -222.58969
05:49:40:066 -301.39294 131.90631 -392.79028
05:49:40:083 -344.16394 126.40314 -296.0357
05:49:40:103 -472.61945 149.96571 -175.72667
05:49:40:126 -549.9087 153.30089 -200.53401
05:49:40:143 -529.377 166.12077 -200.65105
05:49:40:162 -515.4418 146.68762 -179.86658
05:49:40:184 -658.29333 20.42985 -154.045
05:49:40:202 -852.44763 -143.2106 -11.375475
05:49:40:222 -1069.0645 -250.18022 368.0458
05:49:40:244 -1142.1814 -294.19128 709.6997
05:49:40:264 -871.2229 -255.46497 682.87646
05:49:40:284 -252.79245 -180.8123 698.7686
05:49:40:306 421.6183 22.183233 338.167
05:49:40:322 712.90845 216.56718 -64.66493
05:49:40:342 681.2296 313.46246 -482.89294
05:49:40:364 420.28986 290.99377 -462.73965
05:49:40:385 107.3392 204.63838 -343.56735
05:49:40:402 -155.08846 117.74063 -349.3637
05:49:40:424 -370.39374 43.625427 -299.2198
05:49:40:442 -464.87192 8.27601 -295.88074
05:49:40:462 -473.0317 -88.19249 -219.27426
05:49:40:484 -389.72644 -182.03143 -11.076403
05:49:40:502 -207.19923 -209.7917 152.03413
05:49:40:523 111.21034 -237.55467 298.99515
05:49:40:546 589.27594 -171.46416 204.3355
05:49:40:564 946.828 -71.28089 54.09794
05:49:40:583 1130.5862 29.935349 204.74815
05:49:40:604 1040.4639 171.62715 516.4274
05:49:40:622 743.1125 205.68219 722.8653
05:49:40:642 344.3362 49.237488 378.51392
05:49:40:666 -44.78927 -31.09746 -121.071335
05:49:40:684 -250.74153 -41.542114 -88.23767
05:49:40:703 -426.22968 -51.0471 82.26042
05:49:40:726 -485.7895 -66.31277 260.60657
05:49:40:744 -385.95 -89.25165 171.32607
05:49:40:764 -207.81738 -75.04061 -41.647816
05:49:40:786 4.0269136 1.6440272 -130.23853
05:49:40:804 65.47267 19.320154 -138.47685
05:49:40:824 35.13937 3.5805225 -102.92825
05:49:40:846 -13.261604 3.822124 -30.434704
05:49:40:863 -43.937588 -10.541784 11.662197
05:49:40:884 -92.804214 -31.226921 -26.680088
05:49:40:906 -112.55177 -12.339771 -79.95596
05:49:40:922 -117.81502 3.7276626 -54.579258
05:49:40:942 -121.45096 23.28558 -40.79027
05:49:40:965 -109.419464 44.10355 -75.15459
05:49:40:984 -100.17734 57.11863 -102.45447
05:49:41:003 -68.45782 89.74955 -93.45612
05:49:41:028 -38.868267 115.47122 -94.876816
05:49:41:043 -51.398064 110.76501 -75.709915
05:49:41:063 -57.7826 92.825935 9.919548
05:49:41:084 -65.76337 74.26076 3.5302162
05:49:41:102 -40.73509 54.811596 25.809193
05:49:41:122 17.979012 44.42389 34.629917
05:49:41:146 45.221466 49.521683 23.106956
05:49:41:164 62.418427 49.960613 17.144775
05:49:41:184 38.63376 50.694847 -10.227013
05:49:41:207 2.9418826 51.282238 -60.28099
05:49:41:224 -11.629057 44.282005 -49.18251
05:49:41:248 -7.387829 42.7042 -11.955452
05:49:41:266 0.21908283 44.506645 -59.17368
05:49:41:283 -1.9316971 42.88392 -28.759384
05:49:41:302 -4.4184866 31.433987 -12.8557205
05:49:41:325 38.41291 -43.99946 71.88692
05:49:41:343 -29.222315 101.752945 28.586674
05:49:41:363 66.838425 36.773064 14.632988
05:49:41:387 95.99306 36.122417 42.16156
05:49:41:404 60.89647 13.766098 38.709354
05:49:41:424 52.356483 18.86611 22.922707
05:49:41:446 62.76325 43.249557 -17.288685
05:49:41:465 103.45926 35.174274 -1.1892319
05:49:41:484 138.3146 -17.064524 135.23492
05:49:41:505 64.873146 -20.73865 73.327255
05:49:41:522 -9.011817 -49.919224 -70.43743
05:49:41:542 -56.43574 -40.51001 -151.7378
05:49:41:564 13.463259 -39.111946 -239.95471
05:49:41:583 2.917385 -32.82192 -166.4887
05:49:41:602 -2.8377056 -140.225 -105.0343
05:49:41:624 26.65267 -65.82684 69.39769
05:49:41:642 -58.742416 59.199024 354.89825
05:49:41:664 -73.809814 16.712523 186.23218
05:49:41:686 -134.89848 -65.35375 20.844173
05:49:41:707 -137.41626 -131.77292 -2.8618813
05:49:41:724 -100.16437 -128.0203 -36.38401
05:49:41:746 -92.77326 -49.359085 -26.23415
05:49:41:764 -77.09174 14.527559 90.873245
05:49:41:785 -35.240597 16.219067 204.4795
05:49:41:807 48.04123 -21.502327 134.46922
05:49:41:825 14.490241 -87.30624 21.573067
05:49:41:845 55.646854 -66.780304 -82.918076
05:49:41:867 69.80102 36.025856 -63.078213
05:49:41:885 34.005035 94.90268 -70.76607
05:49:41:906 -48.838142 120.55142 9.086037
05:49:41:927 -22.597902 99.69737 10.525036
05:49:41:949 -37.42406 55.04899 -46.36097
05:49:41:965 -38.55864 -20.893574 -99.53146
05:49:41:987 -84.09559 24.658203 -107.39875
05:49:42:005 -47.356102 35.433006 -106.22244
05:49:42:025 -4.3650346 18.769312 -78.082466
05:49:42:047 36.540245 22.294044 1.1259079
05:49:42:065 10.461083 26.83773 82.4976
05:49:42:086 -79.16582 -15.880489 174.60233
05:49:42:106 -94.55401 -50.24662 112.482925
05:49:42:124 -85.2203 -49.582863 71.78984
05:49:42:144 -52.278255 -24.534489 27.742863
05:49:42:167 -39.332558 -5.8365583 -19.178772
05:49:42:186 -56.941135 10.271001 -25.494766
05:49:42:205 -66.430984 17.21928 -42.040062
05:49:42:227 -19.241858 8.603811 -34.398174
05:49:42:245 -9.647226 4.20146 -21.006107
05:49:42:265 -23.807304 19.642235 -26.190376
05:49:42:287 -25.749815 33.527206 -13.673687
05:49:42:306 -19.450592 20.692421 5.342102
05:49:42:328 -8.090342 21.534039 11.743832
05:49:42:347 18.619734 30.826712 8.628941
05:49:42:365 7.4256477 27.72603 -2.8655052
05:49:42:383 -26.813162 12.220669 -36.38687
05:49:42:406 -29.112207 16.097403 -61.48014
05:49:42:424 -22.71514 13.069463 -46.1195
05:49:42:444 -31.963146 -6.7831993 -17.5498
05:49:42:467 -61.388863 -10.215116 -20.935345
05:49:42:486 -67.8822 7.917428 -31.6885
05:49:42:503 -66.37291 1.1623383 -14.815998
05:49:42:527 -71.48635 -2.900958 -16.258335
05:49:42:543 -63.70151 -4.427743 -17.986774
05:49:42:563 -37.36174 5.843377 -14.006329
05:49:42:585 -4.031229 8.697081 2.7775764
05:49:42:603 -4.374242 11.55467 4.520607
05:49:42:623 -27.059055 19.970083 -9.025288
05:49:42:645 -30.64971 15.784502 -27.906704
05:49:42:663 -33.33068 -2.6957989 -13.322926
05:49:42:683 -27.239155 0.14185905 4.4734955
05:49:42:705 -7.6172113 10.073662 -10.595322
05:49:42:723 -2.0713806 14.571381 -5.028534
05:49:42:743 2.7483463 4.1869164 -4.597378
05:49:42:766 -2.7813911 -3.3544064 -8.46653
05:49:42:784 -15.82458 -2.3004532 -6.9646835
05:49:42:806 -24.72682 -9.885073 18.179417
05:49:42:828 -12.311316 -8.482695 13.202763
05:49:42:845 -1.4212132 -11.000085 10.562229
05:49:42:864 -11.097169 -1.3299465 -8.022785
05:49:42:888 -9.2607975 -5.277872 -8.333683
05:49:42:906 -0.13005733 -11.883974 15.551853
05:49:42:926 -2.9771805 -7.591796 34.27725
05:49:42:948 -3.147912 16.145468 -37.702465
05:49:42:966 -52.51081 57.35412 -226.301
05:49:42:986 61.232494 11.022615 97.07818
05:49:43:006 -8.093524 11.1166 62.147617
05:49:43:025 -54.74341 23.83356 19.45448
