05:49:48:567 2.941513 51.82052 -31.747293
05:49:48:586 37.213875 34.752464 -28.079462
05:49:48:604 60.03475 0.2199173 23.698044
05:49:48:623 48.0278 -16.105175 33.132553
05:49:48:647 10.45711 -16.140318 22.866726
05:49:48:666 25.987553 -19.999313 27.678967
05:49:48:683 31.707954 -14.467144 21.951675
05:49:48:706 31.304157 -16.17074 7.0264816
05:49:48:724 -1.0063887 -18.108225 -8.361435
05:49:48:743 -0.23047924 -25.021385 -30.05724
05:49:48:765 18.969822 -19.442463 -19.25726
05:49:48:783 38.35244 -1.3798237 -10.808849
05:49:48:804 64.2018 4.2593 15.487194
05:49:48:825 81.62507 -10.766697 65.82994
05:49:48:844 40.208054 -17.807365 45.38536
05:49:48:864 9.181404 0.5028248 -8.320999
05:49:48:885 -1.4658093 -8.21712 -14.701653
05:49:48:904 12.043751 -6.956792 -0.07715225
05:49:48:923 19.786716 -12.077856 19.283962
05:49:48:947 34.79203 -6.2145233 38.22069
05:49:48:964 21.895813 -3.247714 18.509388
05:49:48:984 -7.192254 10.043621 6.9542885
05:49:49:006 -13.0324 3.629446 12.267399
05:49:49:023 -2.3811579 -17.208338 2.3438454
05:49:49:043 -21.250677 -18.172121 -2.7219772
05:49:49:066 -30.600012 -19.134712 29.426765
05:49:49:084 -32.71631 -25.65105 29.862309
05:49:49:104 -38.240196 -36.993454 -12.503147
05:49:49:126 -53.194107 -33.617165 -34.902954
05:49:49:144 -51.749302 -45.664833 -44.203472
05:49:49:163 -28.949213 -36.531876 -40.7259
05:49:49:186 26.258469 -67.342354 -28.55835
05:49:49:203 31.35004 -112.86882 -42.383957
05:49:49:223 -13.419914 -99.87216 2.1027565
05:49:49:246 20.102333 -124.718544 109.52034
05:49:49:264 114.3429 -94.02858 81.48689
05:49:49:284 14.474451 -8.757806 76.10741
05:49:49:306 -7.57463 -80.55837 25.259113
05:49:49:324 28.992474 -103.90434 -81.69308
05:49:49:345 -41.547203 -5.3574324 -54.628086
05:49:49:366 -12.168158 13.335919 -11.331844
05:49:49:384 -46.70215 -29.171991 6.640911
05:49:49:404 -76.05319 -16.442085 83.46185
05:49:49:426 41.24931 -68.12622 165.98825
05:49:49:444 20.932304 -108.8989 241.96959
05:49:49:464 83.59401 -159.1389 250.84677
05:49:49:487 125.29551 -52.609753 216.38383
05:49:49:505 123.029915 -30.978363 81.35843
05:49:49:525 53.98618 15.441126 21.606731
05:49:49:547 18.096947 27.48472 -77.33631
05:49:49:566 -28.427845 27.734035 -52.86665
05:49:49:584 -53.77208 10.886251 -19.499779
05:49:49:607 -61.98033 12.731385 -24.985409
05:49:49:625 -85.59416 20.336836 -62.127495
05:49:49:645 -52.385796 68.94351 -134.36356
05:49:49:667 -41.334007 128.32384 -298.07516
05:49:49:685 -20.04236 137.9028 -303.20135
05:49:49:705 -13.352299 68.75763 -228.57848
05:49:49:727 -63.3559 10.759914 -188.80057
05:49:49:744 -32.67977 -5.3746343 -5.4685593
05:49:49:764 -57.5567 -68.083176 92.928505
05:49:49:787 -14.057851 -41.441692 -15.298843
05:49:49:805 29.360617 -8.827532 -40.204193
05:49:49:825 32.87406 -54.947517 28.746986
05:49:49:847 -3.0066729 -109.465385 1.544857
05:49:49:865 -24.241138 -142.92793 -12.172079
05:49:49:885 64.31094 -171.80495 -108.764885
05:49:49:907 328.03537 -182.26479 -332.95184
05:49:49:925 409.7241 -69.76966 -385.30905
05:49:49:945 505.91336 -1.0347233 -356.8989
05:49:49:967 576.16077 -49.862526 -163.6984
05:49:49:985 742.11224 12.209394 68.05344
05:49:50:005 855.1446 152.0832 45.440247
05:49:50:027 918.9463 193.11174 -19.38653
05:49:50:045 755.65204 167.70578 11.881304
05:49:50:064 575.21564 99.303986 137.45508
05:49:50:087 355.78223 39.794003 300.54837
05:49:50:104 112.812614 8.658611 328.73956
05:49:50:123 -104.73967 7.3099732 259.73538
05:49:50:146 -149.87373 70.97225 164.30835
05:49:50:166 -189.42871 118.837425 6.1781883
05:49:50:184 -224.1374 141.61465 -64.77871
05:49:50:207 -269.3347 73.64252 -101.43237
05:49:50:226 -290.1691 42.441414 -139.75772
05:49:50:246 -328.864 9.244227 -208.72646
05:49:50:268 -342.1981 -8.885694 -220.8045
05:49:50:286 -330.64642 -23.19808 -203.651
05:49:50:310 -345.53937 -32.732582 -198.9307
05:49:50:328 -429.47354 -71.19844 -176.1918
05:49:50:346 -449.31003 -69.025894 -176.58026
05:49:50:366 -474.56476 -59.626186 -111.38365
05:49:50:388 -460.09943 -40.996967 23.328209
05:49:50:406 -388.95764 -33.75529 165.00063
05:49:50:426 -309.82532 -86.190704 450.15173
05:49:50:448 -191.54692 -136.94997 720.0288
05:49:50:466 -30.650663 -131.01268 699.7592
05:49:50:486 243.4467 20.266771 497.7478
05:49:50:508 386.87402 129.22319 234.42975
05:49:50:526 317.1609 133.83372 41.014194
05:49:50:546 173.28107 110.51474 -71.96207
05:49:50:568 90.16476 106.99136 -180.7312
05:49:50:585 66.00249 110.49354 -264.87326
05:49:50:605 28.667713 81.11623 -335.8263
05:49:50:628 -23.80209 40.950226 -394.31256
05:49:50:646 -9.847665 15.521407 -348.0122
05:49:50:666 1.5074253 -12.67488 -307.14105
05:49:50:688 -14.88359 -93.65219 -266.97397
05:49:50:706 -70.51873 -158.43407 -268.3602
05:49:50:726 -127.86014 -241.48093 -300.49896
05:49:50:747 -43.29319 -253.32892 -317.5906
05:49:50:765 15.166378 -317.0137 -434.88812
05:49:50:785 103.498604 -311.07358 -398.0945
05:49:50:807 118.61725 -332.3712 -266.75925
05:49:50:827 168.82901 -357.26248 -86.415085
05:49:50:845 215.1278 -362.80988 -38.868435
05:49:50:867 196.04497 -364.5662 55.48223
05:49:50:886 150.32358 -332.83453 113.340904
05:49:50:907 127.72899 -342.88434 166.52336
05:49:50:929 67.32254 -469.2973 197.5768
05:49:50:947 64.39285 -587.6663 201.92455
05:49:50:967 60.51674 -747.6774 252.71364
05:49:50:989 192.06992 -944.45 332.41943
05:49:51:006 394.42416 -1085.5868 355.96033
05:49:51:026 471.83762 -1017.10583 406.78052
05:49:51:049 422.86557 -568.31934 423.1108
05:49:51:067 312.2428 -29.432297 394.22733
05:49:51:087 303.42596 483.65747 311.551
05:49:51:107 292.1586 856.97003 200.0145
05:49:51:125 138.91354 863.9015 -86.50293
05:49:51:145 -42.294216 675.03174 -432.366
05:49:51:169 -164.85014 437.55045 -682.43207
05:49:51:186 -247.57138 240.86142 -743.80853
05:49:51:206 -306.66147 153.80612 -608.83777
05:49:51:228 -343.59027 159.82094 -321.57797
05:49:51:246 -335.78253 160.99358 -100.96414
05:49:51:266 -348.8821 153.12067 63.07672
05:49:51:288 -324.50116 122.49656 163.08806
05:49:51:310 -266.49643 31.915283 167.2465
05:49:51:327 -258.20953 -63.343334 200.07077
05:49:51:348 -160.21448 -99.326324 192.8103
05:49:51:367 -83.733894 -87.12273 172.06163
05:49:51:387 4.6495914 -45.37239 122.51754
05:49:51:409 80.52802 20.59002 17.37485
05:49:51:427 133.76059 45.203304 -28.047825
05:49:51:447 176.72977 53.784466 -51.935722
05:49:51:468 197.50566 36.13205 -53.80726
05:49:51:487 158.57912 -7.487297 -27.722454
05:49:51:506 78.020096 -64.02702 19.57817
05:49:51:528 -7.8798294 -113.28125 33.667492
05:49:51:547 -60.31871 -118.590164 11.993718
05:49:51:566 -97.86434 -129.34981 -44.41986
05:49:51:587 -105.49049 -119.569305 -94.53082
05:49:51:605 -96.45953 -110.02112 -141.32356
05:49:51:625 -116.62521 -111.95955 -162.85977
05:49:51:649 -160.33986 -57.197094 -178.17332
05:49:51:667 -180.3713 12.662601 -178.93164
05:49:51:687 -196.01343 90.003204 -136.05826
05:49:51:709 -182.47736 161.45267 -120.14758
05:49:51:727 -112.07895 140.65475 -138.44885
05:49:51:746 -41.777657 42.802525 -178.56496
05:49:51:768 -80.34992 -55.208015 -181.54344
05:49:51:787 -152.77232 -81.13403 -121.86663
05:49:51:806 -226.79977 -48.43464 9.004036
05:49:51:827 -243.49945 74.07055 149.90201
05:49:51:845 -148.63792 132.23401 179.68271
05:49:51:865 24.554611 127.4314 160.60188
05:49:51:887 189.73296 59.614372 116.98898
05:49:51:905 285.0996 -4.216385 62.944458
05:49:51:925 356.0297 -92.82322 2.6616096
05:49:51:947 390.93805 -163.1341 -34.072147
05:49:51:965 368.68066 -164.02711 -15.382123
05:49:51:985 319.84497 -127.00777 63.353382
05:49:52:008 231.35863 -36.865044 157.56314
05:49:52:027 131.45514 88.88092 192.32404
05:49:52:046 84.8607 202.11954 186.99599
05:49:52:071 58.886147 242.1433 206.1017
05:49:52:086 30.63631 213.82657 157.79428
05:49:52:106 -23.376465 156.12097 0.77540874
05:49:52:128 -99.91498 95.78238 -146.67546
05:49:52:146 -159.03888 56.897118 -185.9124
05:49:52:166 -194.65384 21.38338 -162.13785
05:49:52:188 -203.80011 -9.900665 -89.29492
05:49:52:206 -190.81363 -33.204174 -20.102692
05:49:52:226 -172.57126 -54.91152 4.6043873
05:49:52:248 -123.30823 -65.765 -27.346277
05:49:52:266 -77.96006 -76.171684 -52.523743
05:49:52:286 -15.057182 -75.30298 -67.685616
05:49:52:312 62.65564 -66.75482 -80.198204
05:49:52:327 108.73633 -32.52573 -87.33514
05:49:52:346 166.67052 29.718208 -109.90039
05:49:52:370 183.9035 83.34408 -135.61427
05:49:52:386 183.89883 121.0732 -126.30483
05:49:52:406 158.22855 137.08238 -52.583736
05:49:52:428 86.16748 122.88237 56.38559
05:49:52:446 43.075848 84.706406 101.03874
05:49:52:466 -35.835266 6.4716816 153.23386
05:49:52:488 -148.95659 -83.12349 227.93517
05:49:52:507 -218.95863 -110.55355 267.3928
05:49:52:526 -257.14688 -101.467705 273.29224
05:49:52:547 -235.0234 -60.104465 214.0368
05:49:52:565 -200.66049 -19.543839 142.11502
05:49:52:584 -160.91148 16.735554 53.739403
05:49:52:607 -132.56004 37.3312 4.1084766
05:49:52:625 -91.87393 15.307808 -11.84504
05:49:52:645 -37.680817 -83.333206 14.275169
05:49:52:667 -20.18447 -251.8877 105.27568
05:49:52:686 -52.157497 -287.51248 191.86711
05:49:52:706 -60.305573 -206.64177 207.12547
05:49:52:728 20.902205 7.457447 155.16557
05:49:52:746 139.88326 144.25926 48.47336
05:49:52:766 224.15022 244.31525 -80.36041
05:49:52:788 246.16833 255.21335 -199.51698
05:49:52:805 212.6411 192.67816 -228.18565
05:49:52:825 173.94371 62.777042 -166.8421
05:49:52:847 143.752 -149.17355 -2.6504993
05:49:52:865 67.30766 -313.1793 147.09082
05:49:52:885 -6.298065 -398.79694 200.41876
05:49:52:908 -46.028473 -365.0076 171.44446
05:49:52:926 -40.462067 -269.21252 102.103424
05:49:52:946 -48.459198 -135.8801 36.287262
05:49:52:968 -68.8395 -25.574875 -28.04966
05:49:52:986 -99.892426 36.045074 -81.43468
05:49:53:006 -128.94872 96.258835 -133.33669
05:49:53:028 -112.927605 159.56174 -186.54237
05:49:53:046 -85.361984 172.27869 -211.86815
05:49:53:066 -94.53082 158.12645 -202.63129
05:49:53:088 -103.972885 120.75491 -215.54523
05:49:53:106 -90.840004 115.375046 -242.7321
05:49:53:125 -69.41581 137.31241 -313.51633
05:49:53:148 -46.913242 168.2702 -398.10883
05:49:53:166 -37.913704 169.2853 -370.77805
05:49:53:186 -0.45042038 155.92317 -301.98563
05:49:53:209 54.612206 144.8504 -227.60594
05:49:53:226 93.10758 124.8828 -170.01761
05:49:53:247 104.36664 83.05054 -117.434525
05:49:53:269 121.993256 28.898191 -53.14915
05:49:53:286 117.706535 -32.620144 15.326357
05:49:53:306 106.998535 -114.780045 119.90769
05:49:53:328 63.95459 -237.20445 222.91852
05:49:53:346 -16.833735 -319.8205 319.88434
05:49:53:366 -53.690815 -366.75922 447.0664
05:49:53:388 -62.873005 -373.08884 559.5384
05:49:53:406 -36.50737 -338.69485 545.8918
05:49:53:426 -25.375032 -293.55792 543.97687
05:49:53:448 4.025793 -192.13239 478.8531
05:49:53:466 55.320072 -79.77075 335.7716
05:49:53:486 138.49474 31.95448 155.99065
05:49:53:508 202.16132 95.85953 2.3971558
05:49:53:526 218.61707 80.51843 -71.63444
05:49:53:546 178.91599 26.872635 -65.735435
05:49:53:568 86.244774 -11.830235 53.71747
05:49:53:587 18.811798 -9.8472595 109.63063
05:49:53:606 -73.82607 83.29611 142.10243
05:49:53:627 -79.36435 238.83315 152.18187
05:49:53:645 -84.75261 383.1832 102.97441
05:49:53:665 -17.043495 441.3921 -46.145153
05:49:53:687 -2.1422386 426.47433 -193.59746
05:49:53:706 14.375734 344.0526 -266.16388
05:49:53:726 15.71455 268.72968 -317.3215
05:49:53:748 38.812828 208.85439 -368.78238
05:49:53:765 79.51041 106.939316 -318.20248
05:49:53:785 88.700294 11.999321 -268.7361
05:49:53:807 80.345825 -43.840744 -215.372
05:49:53:826 71.938324 -72.04018 -116.941956
05:49:53:846 83.98352 -130.99275 11.028385
05:49:53:868 71.59224 -219.14473 1.5441179
05:49:53:886 -12.256002 -314.3753 -88.40636
05:49:53:905 -153.07817 -317.19904 -253.07307
05:49:53:927 -216.12654 -175.80167 -342.09256
05:49:53:944 -183.05301 -37.400246 -263.33078
05:49:53:964 -142.22845 54.166794 -183.84875
05:49:53:986 -131.4047 89.112 -171.40485
05:49:54:006 -106.46453 72.822 -164.89746
05:49:54:027 -79.61693 61.322212 -140.53735
05:49:54:047 -66.5667 39.67228 -92.317986
05:49:54:065 -31.226063 21.203041 -52.59323
05:49:54:085 7.5812817 26.348019 25.731277
05:49:54:107 12.194395 45.978832 94.32869
05:49:54:124 1.9022942 46.934795 118.94298
05:49:54:144 -1.9258976 58.234406 133.0797
05:49:54:168 14.548779 61.33623 114.89161
05:49:54:186 28.303194 54.24061 85.01778
05:49:54:206 37.582825 53.735733 32.004333
05:49:54:228 25.6608 52.757217 31.54127
05:49:54:246 15.548563 42.78045 61.62599
05:49:54:266 -8.822346 20.816422 91.05695
05:49:54:288 -34.065292 -10.162735 125.13652
05:49:54:306 -23.03834 -51.99337 145.12158
05:49:54:326 17.196178 -117.44528 149.80867
05:49:54:348 26.20716 -182.83176 161.60309
05:49:54:366 19.433403 -175.37985 170.46399
05:49:54:386 36.999367 -129.19446 196.32387
05:49:54:408 107.748604 -47.61696 226.97194
05:49:54:426 178.13902 19.369125 189.62231
05:49:54:446 221.23499 65.104675 95.76759
05:49:54:468 230.61972 112.994095 28.537035
05:49:54:486 193.49823 126.78824 -35.016037
05:49:54:506 148.6693 90.89575 -88.73162
05:49:54:528 113.38072 -12.902641 -77.49772
05:49:54:546 80.74436 -90.76977 -9.515691
05:49:54:566 89.112854 -189.64796 51.190853
05:49:54:588 73.397255 -278.32758 106.84314
05:49:54:606 79.21276 -307.51523 93.5193
05:49:54:626 144.96718 -319.56433 108.90994
05:49:54:648 189.3344 -304.30316 82.33943
05:49:54:666 180.39035 -249.76349 44.035767
05:49:54:686 184.72766 -177.59189 8.412743
05:49:54:708 218.46114 -59.51891 -23.724985
05:49:54:726 174.38583 27.660942 -27.024746
05:49:54:745 73.04353 100.85249 -12.617302
05:49:54:767 -85.60477 176.45302 -52.42462
05:49:54:785 -173.25726 220.0778 -85.99436
05:49:54:804 -195.87689 281.02722 -136.02672
05:49:54:827 -257.06958 354.68732 -213.40329
05:49:54:846 -343.94894 376.64777 -239.67776
05:49:54:866 -398.51218 423.52203 -205.72476
05:49:54:888 -355.01114 501.6283 -162.47285
05:49:54:904 -360.05112 494.39206 -207.5528
05:49:54:924 -397.4114 461.21252 -146.3134
05:49:54:946 -400.67526 458.03708 -72.61299
05:49:54:964 -386.43063 429.83008 -42.76703
05:49:54:984 -346.11212 406.88138 -38.81063
05:49:55:006 -350.4418 391.204 -20.70524
05:49:55:024 -288.01514 382.49295 3.7392557
05:49:55:044 -213.9395 424.94193 43.215225
05:49:55:068 -197.96747 386.3067 245.84299
05:49:55:086 -148.03072 323.98566 396.26114
05:49:55:106 -80.307724 290.4099 461.04852
05:49:55:126 -60.79843 266.997 461.16205
05:49:55:144 -27.377588 236.77415 431.56396
05:49:55:164 -2.3647904 198.03873 429.33807
05:49:55:187 3.6628842 155.17477 372.01022
05:49:55:206 1.9726038 131.99301 272.32477
05:49:55:226 37.779514 118.236206 169.20815
05:49:55:248 59.912617 95.54668 90.35416
05:49:55:266 48.887806 35.638855 103.504654
05:49:55:286 27.043098 -74.92161 175.70161
05:49:55:308 2.671823 -168.15848 175.99658
05:49:55:326 4.627505 -193.52171 78.73764
05:49:55:346 24.005455 -179.14323 -52.701187
05:49:55:368 53.873466 -135.6529 -193.6707
05:49:55:386 66.08382 -98.56212 -249.5583
05:49:55:406 99.603294 -71.57109 -284.88278
05:49:55:428 111.861694 -73.72949 -307.0131
05:49:55:446 106.728134 -82.16019 -284.685
05:49:55:466 154.33762 -96.18333 -296.51157
05:49:55:488 217.13414 -112.57348 -327.80862
05:49:55:506 295.3365 -141.77512 -308.98315
05:49:55:526 333.5725 -155.55933 -268.63922
05:49:55:548 318.95743 -113.529564 -251.30434
05:49:55:566 287.72812 -85.077385 -258.31454
05:49:55:586 332.08286 -216.50696 -93.83342
05:49:55:608 297.07913 -430.0634 455.8877
05:49:55:624 205.1012 -436.5655 833.2218
05:49:55:644 97.42432 -229.7302 667.3436
05:49:55:667 17.98687 -69.43359 150.2163
05:49:55:685 -41.34922 15.706754 -165.2245
05:49:55:706 -104.33302 19.843996 -319.12463
05:49:55:728 -156.63547 -41.778934 -420.98352
05:49:55:746 -171.66156 -104.10215 -380.84146
05:49:55:766 -27.958775 -133.46571 -168.67838
05:49:55:788 -24.090958 -184.34708 -35.34088
05:49:55:806 -43.598602 -253.975 -25.016476
05:49:55:826 -52.69227 -358.71207 -83.79669
05:49:55:848 -47.516968 -491.91956 54.017185
05:49:55:866 52.2027 -535.46826 215.60149
05:49:55:903 166.07294 -522.80493 274.19
05:49:55:908 246.6343 -557.6865 194.06848
05:49:55:924 231.97656 -523.7238 147.21002
05:49:55:944 326.7477 -422.80978 188.6386
05:49:55:966 390.4975 -184.24806 268.9007
05:49:55:984 317.76114 -9.679794 264.7299
05:49:56:004 242.5249 182.45735 241.47292
05:49:56:028 126.98012 314.7144 209.2679
05:49:56:046 57.721043 341.6047 140.2154
05:49:56:065 13.03997 305.8459 30.19228
05:49:56:087 -18.873882 188.3634 -130.99522
05:49:56:105 -55.706024 115.83004 -208.22888
05:49:56:125 -106.62441 110.860535 -237.6452
05:49:56:147 -123.03323 153.42966 -197.77785
05:49:56:166 -72.18523 195.9128 -148.45366
05:49:56:185 -25.186062 194.46397 -139.2579
05:49:56:207 -1.1861801 149.05878 -133.81671
05:49:56:226 27.399254 94.729614 -116.05587
05:49:56:246 40.307426 41.306114 -84.41682
05:49:56:267 40.865326 -35.71868 -70.98122
05:49:56:286 44.376278 -89.48531 -66.362045
05:49:56:306 54.08058 -141.88423 -58.261253
05:49:56:328 48.24457 -187.82564 -72.85027
05:49:56:347 40.51113 -223.62108 -72.8374
05:49:56:366 33.366585 -251.29976 -59.99379
05:49:56:388 59.446907 -274.9751 -58.721397
05:49:56:409 81.26888 -279.93268 -45.636322
05:49:56:425 111.55987 -275.27933 -30.954313
05:49:56:447 116.82987 -222.52197 -44.683815
05:49:56:466 67.0311 -158.86345 -66.77687
05:49:56:486 -11.4995 -76.90678 -131.18753
05:49:56:508 -84.47552 37.11872 -164.90266
05:49:56:526 -147.8366 110.9088 -134.9868
05:49:56:546 -205.22937 174.34634 -101.860115
05:49:56:569 -255.7406 220.69092 -127.45817
05:49:56:586 -300.55515 243.20932 -162.87688
05:49:56:605 -351.34686 283.82596 -201.17204
05:49:56:627 -340.07245 323.5979 -248.28079
05:49:56:646 -234.8988 324.57718 -217.01266
05:49:56:666 -144.24744 329.38303 -125.91617
05:49:56:688 -7.9428673 320.39438 -32.92708
05:49:56:706 116.807175 326.6114 48.742794
05:49:56:726 334.98016 355.71927 70.215576
05:49:56:748 524.6504 339.1649 278.5527
05:49:56:766 631.75726 329.75223 379.33197
05:49:56:787 775.8631 285.446 419.73163
05:49:56:808 650.188 105.003784 511.42926
05:49:56:826 666.67993 -16.556513 702.01117
05:49:56:845 770.0899 -84.88191 720.7803
05:49:56:867 273.97803 -468.03674 406.91806
05:49:56:885 -192.63287 -671.89404 231.87045
05:49:56:905 -610.5508 -651.2912 185.68784
05:49:56:927 -948.9075 -507.0504 260.4108
05:49:56:946 -1082.4489 -343.7723 301.60962
05:49:56:965 -1007.89166 -272.1447 423.2525
05:49:56:987 -983.2981 -182.66364 339.55966
05:49:57:006 -932.97656 -74.30267 100.60072
05:49:57:026 -792.5429 12.769222 -83.6709
05:49:57:048 -752.21576 104.64563 -195.07828
05:49:57:066 -749.4515 131.79355 -236.70178
05:49:57:086 -750.4962 164.04662 -209.85641
05:49:57:108 -711.1083 179.12279 -288.36508
05:49:57:127 -649.71735 202.29315 -392.73663
05:49:57:145 -558.4654 212.78467 -507.26367
05:49:57:168 -281.28003 257.76242 -528.9724
05:49:57:187 -30.034256 243.94374 -476.80975
05:49:57:206 115.22355 257.7892 -412.2861
05:49:57:232 254.79794 205.46523 -321.20947
05:49:57:246 365.4998 113.038895 -196.82343
05:49:57:266 593.88696 33.160065 -95.78221
05:49:57:288 930.78796 133.98314 6.503439
05:49:57:306 1106.8362 322.8628 22.05844
05:49:57:327 1305.9036 408.26758 238.30309
05:49:57:348 1328.2051 385.41748 519.52
05:49:57:366 1105.4695 203.369 581.1084
05:49:57:386 891.4627 15.590954 555.2945
05:49:57:408 947.426 84.68409 567.9718
05:49:57:425 1052.5323 234.38881 581.1783
05:49:57:445 976.87146 326.57056 541.9424
05:49:57:467 655.46265 170.8486 296.0268
05:49:57:486 359.45245 53.54966 119.98081
05:49:57:506 53.689194 -111.16004 34.88283
05:49:57:527 -158.55103 -271.6591 179.60757
05:49:57:545 -149.25137 -374.96634 355.9145
05:49:57:566 -218.61992 -537.6767 606.7137
05:49:57:588 -466.99744 -744.65326 540.152
05:49:57:606 -527.21454 -784.583 285.2089
05:49:57:626 -586.6894 -649.31067 183.72937
05:49:57:648 -975.02234 -475.01077 102.737236
05:49:57:666 -1132.6467 -272.93665 -103.98903
05:49:57:686 -1236.9104 -77.94905 -460.72034
05:49:57:708 -1232.7866 144.12303 -637.6926
05:49:57:726 -1131.9928 243.43991 -659.74854
05:49:57:746 -1051.1661 242.63745 -642.72406
05:49:57:768 -1170.9598 178.59506 -525.09717
05:49:57:786 -1149.571 126.02034 -450.1498
05:49:57:806 -1029.0272 56.761597 -503.20172
05:49:57:827 -963.8138 41.578438 -677.80725
05:49:57:845 -791.16284 38.625908 -687.0515
05:49:57:864 -493.29623 67.102196 -596.76056
05:49:57:888 -111.92112 51.957893 -420.32895
05:49:57:909 247.00241 27.392197 -150.85052
05:49:57:924 566.32025 -38.421967 -21.461655
05:49:57:947 801.0881 -70.57834 114.99462
05:49:57:965 932.58887 4.639244 245.42084
05:49:57:984 1078.0133 165.56435 464.49542
05:49:58:007 1099.5397 -4.8841 213.38268
05:49:58:024 1268.2704 -118.640945 213.22847
05:49:58:044 1454.2053 -30.93772 505.78122
05:49:58:066 1205.3119 41.14027 715.49756
05:49:58:084 689.1951 12.034178 389.28394
05:49:58:105 359.23956 24.184513 256.64615
05:49:58:127 299.8419 209.74037 240.36913
05:49:58:145 279.3312 307.23483 -75.48046
05:49:58:165 292.03702 397.10605 -273.1875
05:49:58:188 391.65173 448.50803 -346.1169
05:49:58:206 333.05026 413.20438 -355.0427
05:49:58:227 121.0598 280.95413 -202.6288
05:49:58:249 115.04431 165.38527 50.700092
05:49:58:267 267.2962 100.51225 82.699394
05:49:58:287 451.15756 94.20083 113.853455
05:49:58:309 651.4952 143.5496 6.6126823
05:49:58:327 620.4149 164.44907 -124.76683
05:49:58:348 456.1081 135.39009 -178.53717
05:49:58:370 263.56067 75.36686 -163.89932
05:49:58:386 -68.80264 -84.32071 -189.92285
05:49:58:406 -440.42474 -230.4588 -251.54013
05:49:58:428 -542.541 -224.59088 -300.83395
05:49:58:447 -462.76416 -220.66269 -263.4607
05:49:58:467 -392.8132 -319.42047 -206.17151
05:49:58:489 -522.07367 -517.3742 -199.41475
05:49:58:507 -830.43195 -557.1728 -69.31553
05:49:58:528 -1006.0564 -369.313 71.731476
05:49:58:548 -1070.1307 -143.55765 229.38986
05:49:58:567 -889.6244 -44.35868 291.73312
05:49:58:585 -716.6797 -47.937157 247.1775
05:49:58:607 -687.1197 -191.77489 276.27426
05:49:58:626 -901.5584 -347.64346 601.61334
05:49:58:646 -885.9728 -344.5798 817.6384
05:49:58:668 -581.4029 -336.57416 641.2775
05:49:58:686 -410.53287 -345.30154 297.34564
05:49:58:706 -235.71997 -369.1391 -92.91649
05:49:58:728 150.26187 -352.58237 -417.95944
05:49:58:747 372.66177 -242.60817 -438.94943
05:49:58:767 636.2011 -12.313271 -222.82643
05:49:58:789 1009.4601 304.4698 50.631523
05:49:58:807 1488.883 871.2589 -20.213604
05:49:58:826 1442.6011 1168.0089 57.955837
05:49:58:849 1230.3145 1034.2004 359.5358
05:49:58:867 912.9979 739.25116 594.4789
05:49:58:887 668.72186 461.9185 711.9459
05:49:58:909 621.363 280.08472 560.55414
05:49:58:927 299.419 31.759611 385.61743
05:49:58:947 3.1723976 -196.39792 273.6334
05:49:58:969 -170.23286 -379.88165 263.5359
05:49:58:987 -99.41025 -399.29324 151.45073
05:49:59:006 186.71532 -351.80518 -70.76454
05:49:59:027 -29.336452 -518.38165 -163.492
05:49:59:045 -404.44623 -523.8843 -250.31586
05:49:59:066 -809.69055 -365.09253 -405.77725
05:49:59:090 -932.767 -131.17876 -549.1091
05:49:59:107 -996.36743 -36.562492 -743.2644
05:49:59:126 -1045.3323 13.846922 -848.2132
05:49:59:148 -1098.8699 119.1072 -860.15247
05:49:59:167 -1051.4838 181.47969 -816.4551
05:49:59:187 -998.0598 209.35033 -832.6389
05:49:59:209 -922.75867 194.67926 -807.4692
05:49:59:227 -807.3536 147.50713 -686.3907
05:49:59:247 -559.30585 76.4411 -492.41614
05:49:59:269 -250.34799 30.506182 -266.36594
05:49:59:287 -99.14417 -40.71932 -149.11774
05:49:59:307 13.965607 -121.83399 -58.958458
05:49:59:330 201.75676 -285.94446 0.52719116
05:49:59:345 338.39017 -432.36475 104.42904
05:49:59:365 653.60455 -714.9933 313.96826
05:49:59:388 1290.3925 -934.5837 676.2063
05:49:59:405 1638.7357 -602.09503 879.0366
05:49:59:427 1569.9535 -90.73877 1256.9772
05:49:59:448 654.7126 -96.72537 1119.5493
05:49:59:466 12.352943 -148.82555 870.9305
05:49:59:488 113.69815 -46.08288 790.60004
05:49:59:509 591.07465 305.41925 784.5644
05:49:59:527 735.2722 608.2652 712.88776
05:49:59:546 480.37976 658.42535 437.7632
05:49:59:569 59.065437 524.44183 149.85771
05:49:59:587 -65.56587 461.69272 24.881363
05:49:59:605 -77.353195 448.461 -63.415718
05:49:59:627 -153.24812 360.68423 -190.36674
05:49:59:645 -245.56847 258.09222 -301.8877
05:49:59:665 -312.52917 164.14302 -424.62445
05:49:59:687 -338.8988 78.06575 -484.88837
05:49:59:706 -244.49472 -76.98998 -428.13443
05:49:59:725 -181.4217 -255.62401 -197.89343
05:49:59:749 -272.51282 -283.41452 183.01306
05:49:59:767 -343.0872 -224.81618 275.31815
05:49:59:786 -388.24573 -186.55696 73.53344
05:49:59:809 -357.14127 -111.12866 -251.66283
05:49:59:827 -286.8623 -31.057262 -431.37216
05:49:59:847 -233.8953 47.174026 -512.31396
05:49:59:869 -197.65105 118.761444 -535.50275
05:49:59:887 -168.65564 155.91951 -489.504
05:49:59:907 -131.47678 194.26532 -454.42902
05:49:59:929 -83.53716 217.08879 -395.9138
05:49:59:947 -44.610863 216.00185 -297.76834
05:49:59:966 -24.004627 194.06264 -187.073
05:49:59:989 -10.775852 170.76501 -48.33269
05:50:00:007 1.3395011 135.46277 14.774084
05:50:00:026 16.969585 103.007034 27.525711
05:50:00:047 15.874171 65.54994 -2.8799057
05:50:00:065 -0.3255129 44.778297 -5.9432507
05:50:00:085 -12.327558 38.50422 9.994125
05:50:00:107 10.63295 45.169044 35.96039
05:50:00:125 70.94904 58.92874 51.944923
05:50:00:146 229.9132 102.88171 47.685287
05:50:00:167 501.5072 188.61116 15.929365
05:50:00:185 732.7649 329.78915 3.7409782
05:50:00:205 844.9852 385.4605 38.236473
05:50:00:227 866.1894 357.59467 122.14627
05:50:00:245 769.3768 237.99872 137.5578
05:50:00:265 790.7623 171.05324 128.05113
05:50:00:287 487.22964 -61.977993 87.11758
05:50:00:305 220.07742 -238.05971 3.6120415
05:50:00:324 -78.11441 -395.20618 -11.475992
05:50:00:347 -304.7921 -469.97314 32.958412
05:50:00:365 -445.52747 -472.89877 101.068115
05:50:00:402 -603.3196 -458.19208 121.84448
05:50:00:407 -690.8618 -397.58344 98.05022
05:50:00:425 -658.0376 -331.8578 132.45497
05:50:00:445 -752.4496 -280.23492 327.76965
05:50:00:467 -1056.4888 -158.10594 782.6353
05:50:00:485 -813.9697 -121.69618 659.8196
05:50:00:504 -312.338 -101.762436 165.2668
05:50:00:527 -87.44282 -51.146317 -143.79865
05:50:00:545 -20.344877 25.547981 -299.1107
05:50:00:565 106.50251 147.43076 -398.84305
05:50:00:588 280.19174 311.7851 -332.674
05:50:00:604 446.3421 447.48248 -253.49736
05:50:00:624 614.50616 673.4556 -248.76799
05:50:00:646 397.36627 639.8987 -305.8948
05:50:00:664 5.1049232 330.5287 -297.3899
05:50:00:684 -331.11453 58.515324 -291.92676
05:50:00:708 -513.3216 -80.563156 -279.70303
05:50:00:725 -580.55505 -131.29869 -150.01874
05:50:00:746 -522.0982 -157.32991 93.36276
05:50:00:768 -251.03702 -211.67474 298.79437
05:50:00:787 63.49833 -259.36456 392.46063
05:50:00:805 395.19116 -280.08606 516.2369
05:50:00:828 569.7545 -236.32755 554.15594
05:50:00:846 571.6865 -218.55951 350.42697
05:50:00:866 498.53076 -156.45956 89.56575
05:50:00:888 485.01843 46.262405 -135.4043
05:50:00:906 359.66653 165.91768 -200.64659
05:50:00:925 187.93993 207.62706 -258.96982
05:50:00:947 70.47891 199.42996 -326.88965
05:50:00:966 1.6021252 188.46683 -327.59372
05:50:00:985 -21.894884 138.89784 -310.34357
05:50:01:008 91.85457 110.543655 -240.42163
05:50:01:025 175.38394 145.32289 -179.50397
05:50:01:046 119.620705 136.17868 -101.080894
05:50:01:068 -41.447544 53.77886 -23.21062
05:50:01:086 -138.69768 -16.546476 16.292143
05:50:01:106 -236.4182 -86.7893 90.41667
05:50:01:127 -320.1493 -122.10548 173.276
05:50:01:145 -356.67902 -137.14204 190.72018
05:50:01:165 -430.14893 -157.21605 126.14336
05:50:01:187 -532.78796 -170.97678 -36.80401
05:50:01:205 -529.27997 -197.30869 -72.34855
05:50:01:225 -333.97388 -319.8915 -79.33159
05:50:01:248 -43.458084 -373.3284 177.30293
05:50:01:266 104.48456 -258.63046 597.52075
05:50:01:287 101.017975 -171.27757 754.6033
05:50:01:308 95.94619 -200.61403 505.42145
05:50:01:326 173.6772 -251.28207 373.3073
05:50:01:346 289.68533 -315.37628 573.5087
05:50:01:369 292.08398 -281.60696 862.00275
05:50:01:387 253.58752 -290.79294 702.0525
05:50:01:407 358.40216 -321.89294 206.90631
05:50:01:429 592.6143 -177.06662 -411.97394
05:50:01:447 444.97708 -9.297752 -775.1058
05:50:01:467 76.90497 93.12134 -1028.2606
05:50:01:489 -204.911 176.78052 -1117.7748
05:50:01:509 -286.70715 255.77498 -1101.4683
05:50:01:527 -317.09198 383.90332 -1056.244
05:50:01:548 -325.50183 485.44827 -992.29095
05:50:01:566 -360.0033 501.36844 -906.07635
05:50:01:586 -436.44766 473.68912 -764.3188
05:50:01:608 -448.95154 432.19995 -512.6194
05:50:01:626 -291.5469 342.1207 -317.38916
05:50:01:645 -137.65807 223.89565 -144.54086
05:50:01:668 60.728996 94.26342 17.489004
05:50:01:685 227.10033 -10.01699 166.07555
05:50:01:705 397.73962 -170.4412 280.34778
05:50:01:728 538.27344 -378.65356 536.3001
05:50:01:746 632.3125 -383.56204 773.4326
05:50:01:766 624.22296 -141.54887 1179.581
05:50:01:787 373.91833 19.691038 1415.6244
05:50:01:805 29.443502 -25.237179 1048.4126
05:50:01:825 -255.33032 -29.000664 590.68317
05:50:01:848 -271.30396 87.12764 227.94742
05:50:01:865 -213.2123 202.82378 80.266
05:50:01:885 -190.29868 262.0524 139.68039
05:50:01:908 -152.81358 257.9105 249.65457
05:50:01:926 -182.5866 193.68661 179.42018
05:50:01:946 -119.25342 143.26523 262.4837
05:50:01:968 147.66402 208.46777 352.68573
05:50:01:987 198.96198 205.84879 283.4894
05:50:02:007 -9.578896 84.03984 164.34898
05:50:02:029 -198.2474 -80.25546 -40.52553
05:50:02:047 -253.2197 -112.47296 -251.16138
05:50:02:066 -221.9215 -78.10277 -303.97873
05:50:02:090 -184.24118 -9.233534 -306.00873
05:50:02:106 -160.03471 8.128071 -474.65735
05:50:02:125 -172.8486 48.45016 -598.6583
05:50:02:147 -153.21916 135.68036 -594.0434
05:50:02:166 -152.83897 142.06415 -550.3193
05:50:02:186 -158.47261 150.81046 -528.5563
05:50:02:208 -211.05656 148.99658 -500.03647
05:50:02:226 -282.2381 132.22212 -411.90482
05:50:02:246 -288.42474 110.94934 -342.9318
05:50:02:269 -287.62775 116.916145 -251.55196
05:50:02:287 -204.24405 87.78666 -164.46548
05:50:02:307 -88.885376 58.928345 12.658715
05:50:02:330 -43.143177 34.692455 336.8976
05:50:02:348 -40.835453 -2.5096774 488.64212
05:50:02:367 60.421036 25.191223 617.31635
05:50:02:389 304.04538 78.76482 619.5045
05:50:02:407 308.55212 112.238144 551.1509
05:50:02:427 212.93878 66.42242 398.2069
05:50:02:449 -30.193434 78.22993 255.16519
05:50:02:467 71.61624 12.783027 114.10742
05:50:02:487 76.25565 32.253742 -20.382977
05:50:02:507 114.06165 66.60144 -172.22166
05:50:02:526 -14.864938 67.072174 -358.24203
05:50:02:545 -105.74752 -5.7202816 -572.75745
05:50:02:568 130.31209 -23.921967 -361.09415
05:50:02:587 248.86389 -99.39368 352.21576
05:50:02:607 45.857513 -11.900616 140.41461
05:50:02:629 64.84269 -33.271717 92.79442
05:50:02:647 -42.17296 -77.18444 10.45208
05:50:02:667 -52.509476 -99.8644 17.938805
05:50:02:689 -83.57219 54.76248 223.32344
05:50:02:708 -106.89002 -110.95593 135.94495
05:50:02:728 -108.88014 -133.7771 248.5816
05:50:02:749 -4.9326034 -89.59137 -141.69646
05:50:02:768 -7.3938384 13.7546425 -111.44171
05:50:02:787 -20.855345 55.824543 -82.83253
05:50:02:811 5.726136 31.443226 -42.131805
05:50:02:829 20.287354 -9.514523 -42.899513
05:50:02:848 91.697426 111.14441 65.09065
05:50:02:869 -101.71144 77.423004 -299.02402
05:50:02:887 -69.87663 13.286734 -255.50021
05:50:02:907 -6.6750126 32.848263 -231.0245
05:50:02:931 8.642556 -16.818344 -75.449135
05:50:02:950 36.60305 -59.041668 52.075863
05:50:02:967 -32.202538 -105.27055 388.5432
05:50:02:989 -16.759556 -111.41541 613.85394
05:50:03:007 44.62958 -72.276634 375.96655
05:50:03:027 37.810623 -23.343748 32.997513
05:50:03:050 11.285841 15.611017 -169.74106
05:50:03:069 -17.021038 3.1032562 -184.63602
05:50:03:089 6.495076 10.335827 -257.84555
05:50:03:111 32.203484 9.417915 -291.51257
05:50:03:130 19.058815 0.8303523 -294.312
05:50:03:147 -31.680733 -5.273509 -312.641
05:50:03:170 -40.667946 -12.072027 -219.08307
05:50:03:187 1.1770322 -15.0208 11.678505
05:50:03:207 -29.130465 -18.337524 263.13593
05:50:03:230 -60.463516 14.444363 384.4289
05:50:03:247 -85.91305 25.921143 229.01086
05:50:03:267 -64.70805 91.79899 289.32294
05:50:03:290 27.531937 70.94915 111.7446
05:50:03:307 37.923534 53.88619 -62.114048
05:50:03:327 46.81144 60.53927 -138.94987
05:50:03:350 58.71031 11.272276 -132.9957
05:50:03:367 81.637344 -0.75081587 -88.0085
05:50:03:388 99.02128 -34.1205 -93.2003
05:50:03:410 18.115122 -43.002846 -97.54524
05:50:03:428 107.5815 21.144903 -90.486435
05:50:03:448 81.27666 63.26909 10.548592
05:50:03:470 -36.495926 -77.71787 152.09532
05:50:03:489 -53.714115 -5.0947905 169.37027
05:50:03:509 38.6256 91.12053 135.87933
05:50:03:532 43.733788 79.217316 59.094048
05:50:03:549 -33.585007 67.20469 2.2628784
05:50:03:568 -83.372894 34.8011 -52.204514
05:50:03:590 -68.03911 54.27365 -19.927788
05:50:03:607 -36.426342 46.483612 -4.8327446
05:50:03:627 -17.26547 57.298805 46.31777
05:50:03:650 16.834343 39.70971 -70.59241
05:50:03:668 -22.15934 25.638412 -156.26736
05:50:03:688 -21.941393 56.13754 -164.08844
05:50:03:712 -25.406338 30.161285 39.967823
05:50:03:728 -45.033985 -5.3684473 121.232796
05:50:03:748 -60.161476 -24.215126 128.59058
05:50:03:771 -64.410255 -41.39943 104.979515
05:50:03:789 -41.951103 -41.738937 -26.536179
05:50:03:809 -41.03102 -38.371254 -105.890564
05:50:03:829 28.851704 35.768055 -134.51338
05:50:03:847 64.07135 16.164207 -15.0959015
05:50:03:867 -6.0139747 10.249758 -13.609123
05:50:03:889 -67.636955 -8.847427 -28.892231
05:50:03:907 -19.823545 -67.222145 -148.57388
05:50:03:927 -49.57023 13.836598 -225.73958
05:50:03:949 -33.143753 25.626469 169.93018
05:50:03:967 -103.897964 23.75741 212.94403
05:50:03:987 -41.36222 -6.2776327 41.83054
05:50:04:009 -13.935577 -41.22355 -340.0424
05:50:04:027 26.010687 -40.832066 -111.33027
05:50:04:047 47.24134 38.01334 -26.430035
05:50:04:068 33.387608 54.161858 -25.357962
05:50:04:087 -46.842026 54.63047 97.12877
05:50:04:106 -54.329323 6.3536644 56.633472
05:50:04:129 -3.814268 17.341637 -36.098576
05:50:04:147 -9.563851 -5.0893545 -320.21423
05:50:04:166 -84.07633 108.55522 149.70613
05:50:04:189 -21.865606 49.301933 229.32692
05:50:04:206 -6.574595 22.394299 158.17804
05:50:04:227 32.091015 -16.562128 -18.837929
05:50:04:249 41.953873 -20.719814 -86.13243
05:50:04:267 44.48099 -2.9763699 -51.667213
05:50:04:287 60.102165 11.409926 59.034252
05:50:04:309 12.838006 -20.36953 113.88397
05:50:04:327 28.083813 4.0078163 134.39569
05:50:04:348 33.768036 18.146538 132.8002
05:50:04:370 -59.562553 -93.32094 -25.540829
05:50:04:387 -57.227146 -59.716488 -121.94996
05:50:04:407 -72.022964 -20.191145 -160.1941
05:50:04:430 -37.314915 -11.364365 48.829556
05:50:04:447 -0.7375479 13.701987 173.71768
05:50:04:467 -80.07996 -31.752253 106.60353
05:50:04:490 -76.32268 -25.593353 25.521755
05:50:04:508 -34.24225 -29.477167 -49.112415
05:50:04:528 13.213099 -57.101585 -115.906715
05:50:04:551 30.299318 5.84352 -76.25284
05:50:04:569 12.363852 7.9310417 -8.519745
05:50:04:588 7.2095037 -7.8292847 84.7413
05:50:04:609 42.543648 -9.328103 65.877625
05:50:04:627 15.263807 -7.654023 27.993107
05:50:04:647 22.937405 -2.2923708 44.421864
05:50:04:669 50.145905 5.8277845 4.69923
05:50:04:689 65.78335 10.600042 -64.81256
05:50:04:708 49.17892 -5.3109884 -91.882416
05:50:04:730 39.151592 1.6890287 -77.33669
05:50:04:748 52.773975 3.45819 -49.036026
05:50:04:768 42.027645 -17.153812 -25.62933
05:50:04:790 4.507738 -17.93697 15.889549
05:50:04:808 14.524084 -1.7078161 33.781242
05:50:04:828 14.875481 3.039217 -28.905296
05:50:04:851 -2.2737236 5.112958 -19.867992
05:50:04:868 11.972046 8.1127405 11.879158
05:50:04:888 54.015373 -7.300806 -100.058655
05:50:04:911 19.461096 15.803599 -101.49965
05:50:04:928 -31.550455 25.859283 17.44442
05:50:04:948 -161.61827 8.04565 161.63445
05:50:04:970 16.468847 -21.911669 204.20045
05:50:04:988 47.461098 20.587517 138.45996
05:50:05:009 37.96888 -7.8558207 82.99437
05:50:05:029 8.730859 -18.92643 -35.88791
05:50:05:047 33.225937 9.567761 -93.4515
05:50:05:067 15.08823 46.9203 -110.962585
05:50:05:093 55.550617 91.55109 -74.78752
05:50:05:108 43.674324 -11.037588 55.669785
05:50:05:128 -27.694767 5.918646 69.05318
05:50:05:150 4.851605 -5.225253 83.59079
05:50:05:167 -23.31768 -23.90902 -58.778954
05:50:05:187 -55.81329 15.350342 -180.91101
05:50:05:209 -3.4691036 5.384779 -46.084785
05:50:05:227 29.595312 14.459538 73.0773
05:50:05:247 17.73845 24.209404 151.16815
05:50:05:270 -12.433577 -9.746861 -38.04531
05:50:05:289 22.04065 18.826843 -254.732
05:50:05:309 24.911116 -19.224548 -21.054554
05:50:05:329 34.677624 31.548119 0.2035141
05:50:05:347 13.567993 24.663877 104.74481
05:50:05:367 -25.155497 3.6416054 127.08426
05:50:05:389 -11.121925 -23.711061 -85.85214
05:50:05:407 -67.31785 37.91914 -261.75604
05:50:05:428 -5.77724 -2.9929876 33.08735
05:50:05:450 4.9553065 17.334414 288.69086
05:50:05:468 17.563728 24.210787 182.30104
05:50:05:488 -20.235031 -49.01185 -7.9673767
05:50:05:510 -32.469097 -6.2642574 -40.851498
05:50:05:528 -16.206635 29.083061 -40.534306
05:50:05:548 23.810753 37.057472 -438.1134
05:50:05:571 70.95649 -15.941024 11.906719
05:50:05:590 7.9219804 -13.902068 63.34858
05:50:05:607 10.551509 10.139513 95.49971
05:50:05:629 5.7596197 -15.064955 105.514145
05:50:05:647 5.5654063 -13.201213 13.349247
05:50:05:668 15.178678 1.8892527 -51.57175
05:50:05:690 35.894146 -6.5333605 -39.91661
05:50:05:708 11.476541 1.8603802 13.079071
05:50:05:728 -28.744083 21.791744 41.493034
05:50:05:751 25.656399 -34.28292 105.02262
05:50:05:767 27.995258 26.780033 65.055466
05:50:05:787 78.518005 -36.80475 18.332958
05:50:05:810 66.453705 -20.249796 -69.99521
05:50:05:829 36.881893 -2.60036 -70.93639
05:50:05:848 -3.248167 2.7082682 -93.71672
05:50:05:870 5.446225 17.681503 -73.82412
05:50:05:889 24.277348 13.18748 -37.98971
05:50:05:908 21.52884 7.485318 -25.986385
05:50:05:930 -12.849021 -10.675907 29.394913
05:50:05:948 -11.236924 -5.2845 51.09806
05:50:05:968 -20.098976 -5.568409 50.45557
05:50:05:990 -19.335392 -14.031816 63.157845
05:50:06:008 -5.1250486 -8.926964 45.737743
05:50:06:028 1.8377662 -14.611721 33.14247
05:50:06:050 7.408011 -15.137124 16.170597
05:50:06:068 9.374166 -13.4504795 9.105682
05:50:06:088 -3.6101043 -17.655897 2.3044586
05:50:06:111 -5.9527516 1.5817165 -47.382736
05:50:06:127 -18.553225 9.693217 -37.139988
05:50:06:147 0.2892375 11.776924 -17.070198
05:50:06:170 -3.216368 -1.8794298 -13.273048
05:50:06:190 -13.107902 4.8173428 -5.638218
05:50:06:208 -11.06095 -1.5093088 37.437057
05:50:06:229 -9.423384 -5.2298307 30.332851
05:50:06:248 -6.3894567 3.0947447 -11.552143
05:50:06:267 -14.688667 6.115103 -39.1222
05:50:06:290 -1.5992105 -8.324313 -52.750492
05:50:06:308 -32.50071 6.556964 27.32935
05:50:06:328 6.178485 5.053997 48.67935
05:50:06:349 9.92288 -0.74534416 60.396194
05:50:06:369 7.5552197 -23.389769 22.650337
05:50:06:387 5.2780094 -11.43322 -10.802555
05:50:06:409 9.010956 -18.340588 -4.236603
05:50:06:427 5.2933455 -2.7968884 4.272461
05:50:06:447 8.831683 2.7425766 2.84338
05:50:06:470 3.042963 2.5771618 3.6154747
05:50:06:487 -4.652679 -6.5576553 9.40485
05:50:06:507 -9.468405 -10.226202 9.630871
05:50:06:530 -6.808555 -2.4347067 -6.6609383
05:50:06:548 -10.2353945 -4.820895 -15.289021
05:50:06:567 -5.123645 4.3796062 21.480179
05:50:06:590 1.6473442 0.055909157 15.843391
05:50:06:608 2.4671257 11.920357 0.032901764
05:50:06:628 -14.881994 41.1407 26.459122
05:50:06:651 -35.848343 -22.05999 -5.840111
05:50:06:670 -24.464754 -1.3669252 -6.58741
05:50:06:690 0.9231895 27.446222 -28.638077
05:50:06:711 21.616627 15.63611 -108.529755
05:50:06:729 49.663902 39.70785 -99.65715
05:50:06:748 28.047058 41.726448 -60.95457
05:50:06:771 -21.233923 13.460779 -7.5820923
05:50:06:789 -9.3254595 40.07454 -27.70996
05:50:06:809 -16.845924 37.997437 25.14286
05:50:06:832 6.0605407 36.33573 19.539642
05:50:06:850 -53.38033 -2.5358438 -50.833416
05:50:06:872 17.056833 39.53595 -20.746326
05:50:06:891 -15.085832 -1.5079975 18.071938
05:50:06:908 -36.969124 -15.955138 26.907825
05:50:06:928 -36.662354 -16.59496 -3.5657883
05:50:06:950 -36.99156 -34.728645 -33.690834
05:50:06:970 -55.451416 -41.7655 -23.504925
05:50:06:990 -25.781559 -23.452234 -4.2467117
05:50:07:012 8.297592 -31.978203 21.886158
05:50:07:030 19.279844 -42.055176 44.133186
05:50:07:050 53.54073 -61.417747 84.53284
05:50:07:073 6.8226905 -66.564514 129.4943
05:50:07:090 3.5427325 -72.788895 91.71982
05:50:07:110 -11.531464 -61.87042 60.159492
05:50:07:133 -5.3943305 -55.051064 8.669949
05:50:07:151 9.092475 -43.08313 -44.20576
05:50:07:170 8.997858 -15.886927 -14.295006
05:50:07:192 16.775385 11.424756 -2.241993
05:50:07:210 -29.293554 5.3089857 -26.502514
05:50:07:230 -47.377594 -0.34983158 -58.169556
05:50:07:251 -38.4767 27.876806 -85.61029
05:50:07:269 -34.612198 33.027794 -37.45842
05:50:07:288 -34.585274 30.253077 46.84162
05:50:07:310 -27.47668 30.331802 51.647377
05:50:07:330 -37.11316 25.989319 46.29793
05:50:07:349 -25.668144 33.433224 38.57069
05:50:07:370 -8.084291 38.813736 17.257118
05:50:07:388 11.154431 34.881805 -1.1345863
05:50:07:408 16.585224 32.310913 58.85334
05:50:07:431 18.248276 19.719387 65.470695
05:50:07:450 10.959321 14.626241 68.65759
05:50:07:470 31.560951 21.086575 -11.347389
05:50:07:492 32.33582 25.297092 -24.401283
05:50:07:509 39.276592 22.53616 -49.01848
05:50:07:528 36.209824 21.285152 -47.451115
05:50:07:550 8.089784 -14.193249 -47.729492
05:50:07:569 10.302668 13.354325 -56.95467
05:50:07:589 -35.620983 -46.58761 4.811764
05:50:07:615 -30.603743 -38.80241 17.257404
05:50:07:628 -5.903423 -14.56933 -4.00753
05:50:07:648 5.8120728 -7.250023 -4.35524
05:50:07:671 -23.315472 -20.740295 -9.422016
05:50:07:688 -26.697142 -17.166853 -54.46539
05:50:07:708 -31.126356 -35.760834 -82.64685
05:50:07:730 -86.76914 27.704668 -1.5678406
05:50:07:749 -23.062157 39.977146 -20.600033
05:50:07:768 -7.340294 34.280228 -22.800922
05:50:07:792 -10.66078 11.526179 24.281597
05:50:07:810 -6.8047404 -22.191929 35.897923
05:50:07:830 0.110924244 -0.8978605 50.362587
05:50:07:856 31.884706 16.13741 55.23033
05:50:07:868 56.920647 26.509403 7.0251465
05:50:07:888 64.499176 30.976177 -44.372368
05:50:07:910 44.89537 35.69882 -51.204395
05:50:07:928 18.677517 21.472 -19.12775
05:50:07:948 11.111173 10.473633 1.5535355
05:50:07:970 -6.242877 9.911251 10.628414
05:50:07:990 -15.912193 1.6081095 1.9903183
05:50:08:008 -20.966059 2.8188229 -4.7286034
05:50:08:030 -30.755419 -10.769796 28.204536
05:50:08:048 -7.7486396 -16.660595 5.1333427
05:50:08:070 -11.370552 -5.475259 -30.17931
05:50:08:092 -3.158635 -34.83539 -27.591133
05:50:08:110 -26.278114 -4.691744 -72.06535
05:50:08:130 -16.61703 -24.43993 -57.460785
05:50:08:152 -18.082172 -20.318127 -31.028366
05:50:08:171 -13.891113 -26.789307 -38.99679
05:50:08:191 -5.17509 -33.307053 -0.35905838
05:50:08:213 -1.2669444 -40.43665 28.82719
05:50:08:231 17.94911 -46.714973 25.360298
05:50:08:249 37.535862 -50.971485 19.138908
05:50:08:271 58.568443 -59.73983 33.124542
05:50:08:289 76.92685 -66.56299 69.59657
05:50:08:309 100.99913 -76.618515 176.34879
05:50:08:332 198.78917 -16.28244 116.7532
05:50:08:349 210.17303 -11.685157 -3.134632
05:50:08:369 205.29759 -26.395357 -112.64439
05:50:08:391 175.73059 -16.519272 -169.2224
05:50:08:409 104.574585 7.4711323 -181.53954
05:50:08:429 93.81139 9.616208 -150.40326
05:50:08:452 186.90962 -17.015957 135.0028
05:50:08:469 -60.019207 14.352358 146.11922
05:50:08:490 -72.915825 26.039076 115.74612
05:50:08:513 -25.195908 -46.016895 100.450134
05:50:08:531 -22.26367 -115.345726 92.235756
05:50:08:551 -72.78349 -76.76169 104.24376
05:50:08:573 -110.70931 -41.680534 110.40239
05:50:08:594 -100.05996 -59.2026 70.70007
05:50:08:609 -93.64744 -52.916794 86.24907
05:50:08:631 -95.79602 -49.995117 17.282963
05:50:08:651 -109.19895 -39.80455 -18.544197
05:50:08:670 -86.976074 -23.415798 -64.061646
05:50:08:693 -64.79232 -17.583387 -100.092606
05:50:08:711 -97.61239 90.32367 -64.55917
05:50:08:731 20.362669 -16.041916 0.8351326
05:50:08:753 152.47649 -6.7041874 -11.973667
05:50:08:771 104.16779 8.810759 -41.566467
05:50:08:791 26.637804 -59.991085 -44.55414
05:50:08:814 -5.8887243 -82.08734 -35.451794
05:50:08:831 -39.38008 -15.294332 -49.622536
05:50:08:852 -35.526447 46.37639 -143.89687
05:50:08:874 23.486721 6.837469 -125.65231
05:50:08:892 45.030617 21.176416 -67.00196
05:50:08:910 144.05418 51.61023 218.96268
05:50:08:932 98.96228 84.00205 51.050854
05:50:08:950 53.120125 78.11954 -5.7040215
05:50:08:970 -27.79982 33.764313 -42.680073
05:50:08:994 10.130739 48.27262 25.042439
05:50:09:012 7.146883 43.023552 26.737976
05:50:09:032 33.682632 39.973568 -43.159294
05:50:09:054 16.985916 8.610725 -13.840866
05:50:09:072 1.9046783 -23.949682 54.243088
05:50:09:092 7.844627 -5.943346 35.158157
05:50:09:114 12.596583 -26.590466 11.079311
05:50:09:132 26.74141 79.28717 45.639515
05:50:09:151 -21.12919 7.3079467 20.422077
05:50:09:174 50.519417 58.903492 -100.88606
05:50:09:192 -5.3629875 46.739697 -154.45251
05:50:09:211 -114.42704 20.152973 -155.54948
05:50:09:237 -153.21815 21.485567 -70.999435
05:50:09:250 -129.27849 26.38247 -56.608055
05:50:09:270 -123.534706 49.45419 -43.562508
05:50:09:293 -55.156197 62.5484 13.80167
05:50:09:310 -27.843893 109.416725 101.44911
05:50:09:333 29.05814 106.11293 81.92549
05:50:09:352 -4.3355346 87.955025 42.36374
05:50:09:372 -45.03304 79.36649 -3.4596443
05:50:09:392 -86.21043 67.51561 19.259548
05:50:09:414 -151.7145 108.985016 -14.281368
05:50:09:430 -34.79461 -27.737164 -132.67117
05:50:09:450 6.4503274 -0.16241074 -47.716568
05:50:09:472 -52.87696 -5.684638 2.816677
05:50:09:491 -119.49298 -33.662106 44.967175
05:50:09:511 -137.92517 -63.514183 112.015915
05:50:09:534 -91.56903 -103.102325 87.314224
05:50:09:550 -0.66081285 -81.33259 93.98566
05:50:09:570 82.02595 -61.426758 -61.38096
05:50:09:592 126.53111 -41.288185 -213.25616
05:50:09:610 119.80447 -66.35886 -132.488
05:50:09:631 69.602325 -136.40784 -81.08997
05:50:09:654 89.77634 -153.56403 -45.143127
05:50:09:671 132.34833 -122.085045 -5.8508873
05:50:09:691 230.95558 -66.63824 19.262028
05:50:09:714 144.92374 -110.77318 -6.617689
05:50:09:731 86.63307 -143.5911 -102.02289
05:50:09:751 177.71921 -159.50217 -28.944254
05:50:09:774 229.51851 -140.81813 -1.1280537
05:50:09:791 230.73416 -136.98035 -11.628771
05:50:09:811 270.01508 -127.589226 0.082588196
05:50:09:834 253.9374 -149.1907 -12.384176
05:50:09:851 161.96841 -203.05643 -16.802835
05:50:09:875 148.92049 -241.36043 -44.66362
05:50:09:892 209.92732 -252.84944 -10.83045
05:50:09:910 267.1606 -210.89893 23.5147
05:50:09:930 294.94223 -162.39824 -21.028948
05:50:09:952 294.18265 -143.13498 -5.3306103
05:50:09:972 307.749 -103.5901 29.255342
05:50:09:991 285.84842 -21.3871 61.712646
05:50:10:013 107.24115 -30.134535 147.63112
05:50:10:031 -12.851238 -20.659876 229.39081
05:50:10:051 -140.91263 30.399847 220.48016
05:50:10:073 -194.71007 72.780014 240.9338
05:50:10:091 -147.14871 80.63443 174.93362
05:50:10:111 -148.36565 70.636894 20.041561
05:50:10:134 -152.40393 67.23588 -62.11586
05:50:10:152 -106.21672 61.45041 -34.752464
05:50:10:172 -50.878906 91.10801 -31.824303
05:50:10:194 51.23701 132.64752 13.806629
05:50:10:211 95.96214 101.52101 53.376102
05:50:10:231 81.17523 58.997917 42.126274
05:50:10:254 57.086945 15.785456 49.790573
05:50:10:272 44.328785 -10.165119 43.663216
05:50:10:292 16.308784 -8.1321 -13.721085
05:50:10:315 -26.219082 -4.7817945 24.075317
05:50:10:334 -40.51256 2.3038864 43.777657
05:50:10:351 -46.96727 8.547068 86.3554
05:50:10:376 -79.13842 41.31521 56.63414
05:50:10:391 -88.01965 52.589462 46.264935
05:50:10:410 -116.1943 55.28798 10.579205
05:50:10:433 -125.90065 64.342285 -27.929592
05:50:10:450 -112.40459 58.17779 15.007019
05:50:10:470 -102.565475 46.350704 -37.986946
05:50:10:493 -50.256393 97.99092 -142.25006
05:50:10:510 -83.87671 108.08175 -172.41193
05:50:10:531 -157.31769 80.33605 -214.92944
05:50:10:553 -131.98347 148.16423 -250.47578
05:50:10:571 -99.64896 132.13087 -201.33838
05:50:10:592 -159.78369 63.948547 -92.881775
05:50:10:614 -217.85172 41.390194 -108.9745
05:50:10:632 -180.21918 25.833559 -141.38599
05:50:10:652 -111.23011 38.097168 -138.00926
05:50:10:674 -50.867226 76.63936 -136.26556
05:50:10:692 -65.59427 81.23184 -162.83578
05:50:10:712 -117.40816 91.60981 -148.8482
05:50:10:735 -93.73497 129.6012 -132.48648
05:50:10:752 -43.958164 123.21822 -130.12347
05:50:10:772 -26.930237 112.748695 -27.67353
05:50:10:794 54.497982 164.32571 57.15957
05:50:10:813 -1.7970562 193.1371 56.837082
05:50:10:830 -76.33055 107.964966 33.21099
05:50:10:853 -94.77584 55.725266 29.441929
05:50:10:871 -142.28574 133.64725 32.556057
05:50:10:891 -115.36093 108.06706 51.51992
05:50:10:912 -44.97788 58.871605 589.7922
05:50:10:931 -121.410034 -23.39015 491.37106
05:50:10:951 -87.35939 -36.71708 194.85092
05:50:10:973 -72.5691 -64.42585 34.251595
05:50:10:991 -45.796593 -91.764496 67.62514
05:50:11:012 5.11888 -119.57323 117.88359
05:50:11:035 109.82628 -168.63606 138.74454
05:50:11:053 67.94066 -17.493607 75.56038
05:50:11:071 -53.868694 -24.721241 -59.073925
05:50:11:093 -9.192019 0.14338493 -60.47554
05:50:11:111 67.730835 53.554916 -84.19885
05:50:11:131 124.48058 95.90106 -96.09041
05:50:11:154 91.15662 132.26805 20.814133
05:50:11:172 48.59947 89.533356 20.099068
05:50:11:192 25.663174 -4.60701 -84.0972
05:50:11:218 -42.486774 10.680032 -90.83739
05:50:11:233 -79.19334 -7.92861 -61.56044
05:50:11:253 -95.533714 -0.021982193 -20.900154
05:50:11:275 -93.85729 3.047061 -5.6106567
05:50:11:293 -75.277374 7.226205 -26.707363
05:50:11:313 -57.15723 17.081928 -27.495289
05:50:11:338 -40.36261 17.879486 -35.7872
05:50:11:353 -25.777662 15.644383 -26.71442
05:50:11:373 -4.341063 21.517967 -32.28941
05:50:11:393 16.06443 31.005405 -23.72446
05:50:11:412 27.025652 37.637665 -8.253288
05:50:11:431 16.83197 31.259369 -3.3464432
05:50:11:453 27.639687 40.139294 16.668606
05:50:11:471 39.92515 40.730812 18.698025
05:50:11:492 54.158997 51.93038 5.572796
05:50:11:514 51.180424 50.92988 2.9259682
05:50:11:534 40.752792 43.8086 25.517368
05:50:11:554 -36.735962 12.636471 -24.79
05:50:11:576 -42.60517 19.303179 -79.59313
05:50:11:594 -22.783161 -27.65441 127.10123
05:50:11:621 -34.890682 -8.140945 112.79049
05:50:11:638 -10.673767 -3.4481049 21.277237
