05:48:59:606 0.68809986 -0.9564787 0.47092438
05:48:59:788 -0.024145842 0.958696 2.100563
05:48:59:969 -1.934737 -0.57383776 1.2973785
05:49:00:152 -0.39853752 -1.41678 0.08020401
05:49:00:334 -0.3188312 0.20737052 0.44736862
05:49:00:515 0.31955987 -0.6002709 0.9324074
05:49:00:697 -1.4682307 0.4774928 0.36287308
05:49:00:879 1.3154626 -0.19263029 0.8649826
05:49:01:061 0.47774464 0.037437677 0.5003929
05:49:01:243 0.3821954 0.22149235 0.4002571
05:49:01:425 1.071924 -1.1636004 -0.4459381
05:49:01:607 -0.100170076 1.1760801 -0.35676956
05:49:01:789 -1.037848 0.36623776 -0.09384155
05:49:01:971 -1.0218203 0.48453212 -0.8413315
05:49:02:153 -0.43437034 -1.1447102 1.6254425
05:49:02:335 0.610213 -0.5326852 0.53424835
05:49:02:518 0.8712545 -1.7669425 1.0020256
05:49:02:702 -1.6015007 0.50186664 1.1847496
05:49:02:884 1.2088448 0.97611994 1.1393547
05:49:03:067 1.3501599 2.504775 -0.620842
05:49:03:249 -0.64374954 1.0461106 -0.49667358
05:49:03:429 1.017335 -0.6954491 0.75187683
05:49:03:612 0.047700107 -0.5563587 0.79307556
05:49:03:793 -1.4941766 -0.44508576 -0.89788437
05:49:03:976 0.72007924 -1.1222363 -0.7183075
05:49:04:158 -0.19010454 1.5922576 0.0
05:49:04:340 0.6140843 -0.4500717 0.38309097
05:49:04:522 -0.6579846 -1.5093088 0.68950653
05:49:04:706 -0.33484548 -0.8243635 0.5516052
05:49:04:888 -0.8425042 0.10667741 -0.51641464
05:49:05:071 -1.4401704 0.65996796 0.16155243
05:49:05:252 0.9548247 0.5279735 -0.2538681
05:49:05:433 1.3384849 1.7631724 0.3715515
05:49:05:616 0.11307746 -0.69642365 1.4464378
