20180907_225255 0.2466103 -0.15802214 9.634562
20180907_225256 0.2370332 -0.17957062 9.648928
20180907_225256 0.24421602 -0.17238778 9.58907
20180907_225256 0.2561874 -0.17478207 9.627379
20180907_225256 0.23463893 -0.14844504 9.634562
20180907_225256 0.23463893 -0.16759923 9.62259
20180907_225256 0.25139886 -0.17717634 9.60583
20180907_225256 0.25139886 -0.16281068 9.598648
20180907_225257 0.24900457 -0.17238778 9.634562
20180907_225257 0.23224466 -0.16041641 9.601042
20180907_225257 0.24900457 -0.17957062 9.601042
20180907_225257 0.26337022 -0.1699935 9.634562
20180907_225257 0.2466103 -0.17478207 9.584282
20180907_225257 0.24421602 -0.15323359 9.629773
20180907_225258 0.24182175 -0.16281068 9.60583
20180907_225258 0.25139886 -0.16281068 9.61062
20180907_225258 0.24182175 -0.15562786 9.591465
20180907_225258 0.24900457 -0.15083931 9.613013
20180907_225258 0.24421602 -0.15802214 9.61062
20180907_225259 0.23463893 -0.16520496 9.596253
20180907_225259 0.23224466 -0.1699935 9.613013
20180907_225259 0.24182175 -0.17238778 9.608225
20180907_225259 0.22745611 -0.14605077 9.584282
20180907_225259 0.23224466 -0.15802214 9.601042
20180907_225259 0.24900457 -0.15802214 9.617802
20180907_225300 0.25139886 -0.16041641 9.591465
20180907_225300 0.2466103 -0.16281068 9.598648
20180907_225300 0.23942748 -0.17478207 9.598648
20180907_225300 0.24421602 -0.16759923 9.58907
20180907_225300 0.25379312 -0.15802214 9.593859
20180907_225301 0.22985038 -0.16041641 9.593859
20180907_225301 0.23942748 -0.15802214 9.60583
20180907_225301 0.23463893 -0.16520496 9.581888
20180907_225301 0.22027329 -0.16041641 9.60583
20180907_225301 0.2466103 -0.16759923 9.598648
20180907_225301 0.25139886 -0.15323359 9.591465
20180907_225302 0.24900457 -0.1699935 9.60583
20180907_225302 0.25379312 -0.14605077 9.5794935
20180907_225302 0.22027329 -0.16041641 9.624985
20180907_225302 0.23224466 -0.16281068 9.593859
20180907_225302 0.23463893 -0.14844504 9.617802
20180907_225303 0.23224466 -0.14605077 9.613013
20180907_225303 0.24900457 -0.16281068 9.613013
20180907_225303 0.25858167 -0.15562786 9.62259
20180907_225303 0.25379312 -0.15562786 9.601042
20180907_225303 0.26337022 -0.15562786 9.608225
20180907_225303 0.24182175 -0.16520496 9.644139
20180907_225304 0.25139886 -0.14605077 9.601042
20180907_225304 0.25139886 -0.16759923 9.620196
20180907_225304 0.26337022 -0.15083931 9.608225
20180907_225304 0.23463893 -0.16520496 9.60583
20180907_225304 0.23463893 -0.14605077 9.596253
20180907_225305 0.24900457 -0.15562786 9.62259
20180907_225305 0.2657645 -0.15802214 9.593859
20180907_225305 0.24182175 -0.16041641 9.608225
20180907_225305 0.23942748 -0.16520496 9.598648
20180907_225305 0.23463893 -0.16281068 9.620196
20180907_225306 0.23942748 -0.16281068 9.593859
20180907_225306 0.24421602 -0.15323359 9.620196
20180907_225306 0.25379312 -0.15802214 9.601042
20180907_225306 0.23463893 -0.18196489 9.596253
20180907_225306 0.23224466 -0.17238778 9.60583
20180907_225306 0.24182175 -0.16281068 9.624985
20180907_225307 0.21309046 -0.17957062 9.596253
20180907_225307 0.23224466 -0.15323359 9.617802
20180907_225307 0.25139886 -0.18196489 9.60583
20180907_225307 0.25379312 -0.15802214 9.601042
20180907_225307 0.2561874 -0.17478207 9.596253
20180907_225308 0.22506183 -0.16520496 9.581888
20180907_225308 0.25379312 -0.14605077 9.603436
20180907_225308 0.23463893 -0.15083931 9.608225
20180907_225308 0.2657645 -0.15562786 9.603436
20180907_225308 0.22985038 -0.15323359 9.601042
20180907_225308 0.21548474 -0.15323359 9.591465
20180907_225309 0.2370332 -0.17238778 9.613013
20180907_225309 0.24421602 -0.15562786 9.615408
20180907_225309 0.23942748 -0.16281068 9.574705
20180907_225309 0.23463893 -0.16520496 9.60583
20180907_225309 0.23224466 -0.16041641 9.584282
20180907_225310 0.25139886 -0.16281068 9.608225
20180907_225310 0.22027329 -0.16041641 9.601042
20180907_225310 0.23942748 -0.16041641 9.603436
20180907_225310 0.2466103 -0.1699935 9.58907
20180907_225310 0.2466103 -0.16759923 9.584282
20180907_225310 0.24182175 -0.17238778 9.601042
20180907_225311 0.23463893 -0.15562786 9.5794935
20180907_225311 0.22745611 -0.1699935 9.615408
20180907_225311 0.23942748 -0.16281068 9.603436
20180907_225311 0.22985038 -0.15802214 9.60583
20180907_225311 0.24421602 -0.16759923 9.598648
20180907_225312 0.24421602 -0.16759923 9.615408
20180907_225312 0.25139886 -0.15562786 9.601042
20180907_225312 0.22985038 -0.15083931 9.569917
20180907_225312 0.24421602 -0.18196489 9.58907
20180907_225312 0.2466103 -0.17717634 9.591465
20180907_225312 0.24182175 -0.15323359 9.586677
20180907_225313 0.24421602 -0.15562786 9.603436
20180907_225313 0.24900457 -0.1699935 9.586677
20180907_225313 0.22506183 -0.17957062 9.596253
20180907_225313 0.24900457 -0.16281068 9.584282
20180907_225313 0.25139886 -0.16281068 9.615408
20180907_225314 0.24421602 -0.15562786 9.603436
20180907_225314 0.25139886 -0.17717634 9.598648
20180907_225314 0.2370332 -0.16759923 9.581888
20180907_225314 0.25139886 -0.16759923 9.615408
20180907_225314 0.27294734 -0.16759923 9.601042
20180907_225314 0.2561874 -0.17717634 9.555551
20180907_225315 0.23224466 -0.16520496 9.577099
20180907_225315 0.23463893 -0.16520496 9.601042
20180907_225315 0.20111908 -0.16520496 9.615408
20180907_225315 0.24182175 -0.1699935 9.565128
20180907_225315 0.23463893 -0.16759923 9.584282
20180907_225316 0.23463893 -0.17238778 9.586677
20180907_225316 0.26097596 -0.15562786 9.58907
20180907_225316 0.2466103 -0.18196489 9.5794935
20180907_225316 0.25139886 -0.17957062 9.567522
20180907_225316 0.2370332 -0.16041641 9.5794935
20180907_225316 0.2370332 -0.17238778 9.557945
20180907_225317 0.2561874 -0.16759923 9.581888
20180907_225317 0.2370332 -0.16281068 9.5794935
20180907_225317 0.21787901 -0.1699935 9.586677
20180907_225317 0.23942748 -0.16041641 9.5794935
20180907_225317 0.24182175 -0.1699935 9.591465
20180907_225318 0.24182175 -0.16759923 9.567522
20180907_225318 0.24900457 -0.16759923 9.598648
20180907_225318 0.22985038 -0.16041641 9.577099
20180907_225318 0.24421602 -0.14365649 9.581888
20180907_225318 0.25139886 -0.17957062 9.608225
20180907_225318 0.24900457 -0.16520496 9.584282
20180907_225319 0.23942748 -0.17478207 9.632168
20180907_225319 0.2466103 -0.17717634 9.586677
20180907_225319 0.2370332 -0.17238778 9.596253
20180907_225319 0.2370332 -0.15323359 9.58907
20180907_225319 0.25139886 -0.14126222 9.596253
20180907_225320 0.28731298 -0.15323359 9.596253
20180907_225320 0.2370332 -0.16041641 9.593859
20180907_225320 0.23463893 -0.16041641 9.61062
20180907_225320 0.22266756 -0.17478207 9.613013
20180907_225320 0.24182175 -0.17238778 9.5794935
20180907_225320 0.2370332 -0.15083931 9.581888
20180907_225321 0.23942748 -0.15323359 9.586677
20180907_225321 0.24900457 -0.17238778 9.584282
20180907_225321 0.25139886 -0.16759923 9.591465
20180907_225321 0.24421602 -0.16759923 9.601042
20180907_225321 0.25858167 -0.15323359 9.61062
20180907_225322 0.26097596 -0.17478207 9.596253
20180907_225322 0.25139886 -0.14365649 9.593859
20180907_225322 0.24421602 -0.15562786 9.581888
20180907_225322 0.23942748 -0.14605077 9.608225
20180907_225322 0.24900457 -0.14605077 9.586677
20180907_225323 0.23942748 -0.17717634 9.598648
20180907_225323 0.24421602 -0.17957062 9.60583
20180907_225323 0.25139886 -0.16759923 9.617802
20180907_225323 0.22745611 -0.17478207 9.613013
20180907_225323 0.20590763 -0.14126222 9.593859
20180907_225323 0.22027329 -0.15562786 9.620196
20180907_225324 0.23463893 -0.14365649 9.61062
20180907_225324 0.26337022 -0.17717634 9.591465
20180907_225324 0.23942748 -0.15562786 9.620196
20180907_225324 0.23463893 -0.15562786 9.615408
20180907_225324 0.24900457 -0.17957062 9.598648
20180907_225325 0.23224466 -0.15802214 9.651321
20180907_225325 0.20111908 -0.16281068 9.62259
20180907_225325 0.27055305 -0.1699935 9.5794935
20180907_225325 0.29210153 -0.16759923 9.613013
20180907_225325 0.26337022 -0.16520496 9.63935
20180907_225325 0.23463893 -0.15802214 9.613013
20180907_225326 0.22985038 -0.15083931 9.62259
20180907_225326 0.2657645 -0.14605077 9.627379
20180907_225326 0.25139886 -0.17478207 9.608225
20180907_225326 0.21548474 -0.13886794 9.613013
20180907_225326 0.23942748 -0.17717634 9.601042
20180907_225327 0.24900457 -0.14365649 9.60583
20180907_225327 0.16759923 -0.23224466 10.273833
20180907_225327 0.2681588 -0.15323359 9.653716
20180907_225327 0.2370332 -0.14365649 9.624985
20180907_225327 0.15323359 -0.21069619 10.05356
20180907_225327 0.22506183 -0.1699935 9.617802
20180907_225328 0.22745611 -0.18914771 9.632168
20180907_225328 0.22985038 -0.1340794 9.615408
20180907_225328 0.25139886 -0.1699935 9.624985
20180907_225328 0.25139886 -0.15323359 9.641745
20180907_225328 0.2466103 -0.16281068 9.61062
20180907_225329 0.24421602 -0.14126222 9.624985
20180907_225329 0.26097596 -0.16041641 9.593859
20180907_225329 0.25139886 -0.15562786 9.601042
20180907_225329 0.22266756 -0.15323359 9.629773
20180907_225329 0.23463893 -0.1699935 9.627379
20180907_225329 0.2466103 -0.15802214 9.624985
20180907_225330 0.24182175 -0.16041641 9.617802
20180907_225330 0.2370332 -0.15802214 9.651321
20180907_225330 0.25379312 -0.16041641 9.62259
20180907_225330 0.21787901 -0.16520496 9.660899
20180907_225330 0.22745611 -0.1699935 9.608225
20180907_225331 0.22266756 -0.18196489 9.617802
20180907_225331 0.2370332 -0.13886794 9.596253
20180907_225331 0.24421602 -0.14605077 9.62259
20180907_225331 0.25139886 -0.16281068 9.615408
20180907_225331 0.24182175 -0.13647367 9.61062
20180907_225331 0.25379312 -0.1699935 9.603436
20180907_225332 0.24421602 -0.14126222 9.632168
20180907_225332 0.22027329 -0.14365649 9.627379
20180907_225332 0.29210153 -0.15562786 9.675264
20180907_225332 0.20351335 -0.1340794 9.61062
20180907_225332 0.16520496 -0.16281068 9.636956
20180907_225333 0.21548474 -0.15802214 9.632168
20180907_225333 0.2466103 -0.15802214 9.620196
20180907_225333 0.26097596 -0.15802214 9.632168
20180907_225333 0.23463893 -0.17717634 9.641745
20180907_225333 0.25379312 -0.16041641 9.629773
20180907_225333 0.2561874 -0.16759923 9.627379
20180907_225334 0.25858167 -0.15562786 9.624985
20180907_225334 0.22266756 -0.16281068 9.615408
20180907_225334 0.26337022 -0.16281068 9.627379
20180907_225334 0.22506183 -0.14844504 9.629773
20180907_225334 0.24182175 -0.15562786 9.629773
20180907_225335 0.22985038 -0.1699935 9.6585045
20180907_225335 0.24182175 -0.15802214 9.613013
20180907_225335 0.22027329 -0.18196489 9.624985
20180907_225335 0.25139886 -0.15083931 9.651321
20180907_225335 0.23942748 -0.1699935 9.624985
20180907_225335 0.23463893 -0.17478207 9.663293
20180907_225336 0.25858167 -0.16281068 9.634562
20180907_225336 0.24182175 -0.15323359 9.634562
20180907_225336 0.2561874 -0.1699935 9.624985
20180907_225336 0.22985038 -0.14365649 9.644139
20180907_225336 0.21787901 -0.17957062 9.615408
20180907_225337 0.2561874 -0.15562786 9.653716
20180907_225337 0.22506183 -0.16041641 9.608225
20180907_225337 0.2561874 -0.16281068 9.63935
20180907_225337 0.2466103 -0.16041641 9.660899
20180907_225337 0.2466103 -0.16520496 9.603436
20180907_225338 0.24182175 -0.17478207 9.656111
20180907_225338 0.25379312 -0.17238778 9.63935
20180907_225338 0.25139886 -0.14844504 9.627379
20180907_225338 0.24421602 -0.18435916 9.644139
20180907_225338 0.25379312 -0.14844504 9.648928
20180907_225338 0.2466103 -0.16041641 9.63935
20180907_225339 0.25139886 -0.15323359 9.629773
20180907_225339 0.23942748 -0.16759923 9.644139
20180907_225339 0.2466103 -0.15802214 9.644139
20180907_225339 0.2370332 -0.16520496 9.634562
20180907_225339 0.24421602 -0.16759923 9.62259
20180907_225340 0.25139886 -0.16281068 9.634562
20180907_225340 0.22506183 -0.16520496 9.627379
20180907_225340 0.22745611 -0.15562786 9.63935
20180907_225340 0.24182175 -0.13886794 9.641745
20180907_225340 0.24182175 -0.15083931 9.634562
20180907_225340 0.2466103 -0.14844504 9.644139
20180907_225341 0.24900457 -0.14844504 9.641745
20180907_225341 0.22745611 -0.15562786 9.632168
20180907_225341 0.22027329 -0.15323359 9.627379
20180907_225341 0.24182175 -0.16759923 9.620196
20180907_225341 0.2466103 -0.14605077 9.627379
20180907_225342 0.22745611 -0.16281068 9.636956
20180907_225342 0.2753416 -0.14126222 9.646533
20180907_225342 0.26337022 -0.17478207 9.63935
20180907_225342 0.24182175 -0.15323359 9.634562
20180907_225342 0.21309046 -0.16281068 9.636956
20180907_225342 0.23942748 -0.16281068 9.663293
20180907_225343 0.23942748 -0.16041641 9.648928
20180907_225343 0.2681588 -0.16759923 9.672871
20180907_225343 0.2466103 -0.16041641 9.644139
20180907_225343 0.22506183 -0.16041641 9.644139
20180907_225343 0.22506183 -0.1699935 9.644139
20180907_225344 0.22745611 -0.1699935 9.636956
20180907_225344 0.22745611 -0.15562786 9.651321
20180907_225344 0.22506183 -0.15083931 9.629773
20180907_225344 0.24421602 -0.16041641 9.632168
20180907_225344 0.25139886 -0.14844504 9.629773
20180907_225344 0.25379312 -0.16281068 9.634562
20180907_225345 0.24421602 -0.16759923 9.632168
20180907_225345 0.24900457 -0.16759923 9.627379
20180907_225345 0.25858167 -0.17717634 9.644139
20180907_225345 0.22985038 -0.17717634 9.63935
20180907_225345 0.22027329 -0.15562786 9.63935
20180907_225346 0.24182175 -0.17238778 9.636956
20180907_225346 0.26337022 -0.17717634 9.62259
20180907_225346 0.2370332 -0.15562786 9.653716
20180907_225346 0.22266756 -0.16281068 9.603436
20180907_225346 0.22266756 -0.15323359 9.615408
20180907_225346 0.23942748 -0.14844504 9.62259
20180907_225347 0.22745611 -0.11492519 9.656111
20180907_225347 0.2561874 -0.1340794 9.617802
20180907_225347 0.23942748 -0.14365649 9.660899
20180907_225347 0.2083019 -0.16520496 9.629773
20180907_225347 0.22985038 -0.17478207 9.663293
20180907_225348 0.26097596 -0.15562786 9.644139
20180907_225348 0.24421602 -0.15323359 9.598648
20180907_225348 0.2466103 -0.14605077 9.663293
20180907_225348 0.25139886 -0.15802214 9.641745
20180907_225348 0.23463893 -0.15083931 9.624985
20180907_225348 0.2466103 -0.13886794 9.629773
20180907_225349 0.24182175 -0.15083931 9.660899
20180907_225349 0.22745611 -0.16281068 9.646533
20180907_225349 0.2681588 -0.16759923 9.648928
20180907_225349 0.27055305 -0.16041641 9.629773
20180907_225349 0.2083019 -0.14365649 9.636956
20180907_225350 0.18914771 -0.16520496 9.644139
20180907_225350 0.24182175 -0.20111908 9.62259
20180907_225350 0.28013015 -0.16520496 9.617802
20180907_225350 0.24421602 -0.15323359 9.641745
20180907_225350 0.2083019 -0.16759923 9.624985
20180907_225350 0.2657645 -0.16520496 9.62259
20180907_225351 0.2681588 -0.117319465 9.629773
20180907_225351 0.2370332 -0.17238778 9.646533
20180907_225351 0.25858167 -0.15323359 9.672871
20180907_225351 0.22266756 -0.1340794 9.613013
20180907_225351 0.22266756 -0.14365649 9.644139
20180907_225352 0.21309046 -0.1699935 9.644139
20180907_225352 0.2753416 -0.15802214 9.63935
20180907_225352 0.24421602 -0.16520496 9.641745
20180907_225352 0.25379312 -0.15802214 9.634562
20180907_225352 0.22985038 -0.16041641 9.61062
20180907_225353 0.22745611 -0.15323359 9.641745
20180907_225353 0.2370332 -0.16041641 9.629773
20180907_225353 0.23224466 -0.14844504 9.663293
20180907_225353 0.2466103 -0.16520496 9.63935
20180907_225353 0.22506183 -0.1340794 9.641745
20180907_225353 0.2657645 -0.16759923 9.684841
20180907_225354 0.29210153 -0.15802214 9.6585045
20180907_225354 0.22266756 -0.15323359 9.663293
20180907_225354 0.19393626 -0.12929083 9.646533
20180907_225354 0.19154198 -0.13647367 9.641745
20180907_225354 0.23224466 -0.21548474 9.646533
20180907_225355 0.27055305 -0.16281068 9.6585045
20180907_225355 0.2753416 -0.14844504 9.653716
20180907_225355 0.26337022 -0.16520496 9.534002
20180907_225355 0.1699935 -0.15323359 9.648928
20180907_225355 0.24182175 -0.11971374 9.646533
20180907_225355 0.29928434 -0.17717634 9.632168
20180907_225356 0.23224466 -0.15323359 9.624985
20180907_225356 0.25379312 -0.12929083 9.672871
20180907_225356 0.24900457 -0.15323359 9.641745
20180907_225356 0.22027329 -0.18196489 9.644139
20180907_225356 0.21309046 -0.1699935 9.636956
20180907_225357 0.2561874 -0.17238778 9.648928
20180907_225357 0.33759275 -0.17957062 9.615408
20180907_225357 0.36392978 -0.18675344 9.632168
20180907_225357 0.19633053 -0.14126222 9.60583
20180907_225357 0.1699935 -0.15323359 9.627379
20180907_225357 0.22027329 -0.16281068 9.632168
20180907_225358 0.27294734 -0.17478207 9.617802
20180907_225358 0.2657645 -0.13886794 9.660899
20180907_225358 0.23224466 -0.16520496 9.629773
20180907_225358 0.2657645 -0.16520496 9.634562
20180907_225358 0.2370332 -0.16041641 9.646533
20180907_225359 0.23224466 -0.16041641 9.641745
20180907_225359 0.22266756 -0.18435916 9.644139
20180907_225359 0.28731298 -0.16281068 9.629773
20180907_225359 0.23942748 -0.15562786 9.634562
20180907_225359 0.24900457 -0.14605077 9.627379
20180907_225359 0.24900457 -0.17717634 9.641745
20180907_225400 0.2370332 -0.16520496 9.63935
20180907_225400 0.23942748 -0.14605077 9.653716
20180907_225400 0.2849187 -0.14844504 9.653716
20180907_225400 0.28731298 -0.18435916 9.627379
20180907_225400 0.22985038 -0.16520496 9.636956
20180907_225401 0.19154198 -0.13647367 9.656111
20180907_225401 0.25139886 -0.14126222 9.61062
20180907_225401 0.28252444 -0.17238778 9.660899
20180907_225401 0.22506183 -0.14126222 9.646533
20180907_225401 0.19633053 -0.1340794 9.627379
20180907_225401 0.22266756 -0.15802214 9.648928
20180907_225402 0.26337022 -0.16281068 9.644139
20180907_225402 0.23224466 -0.15802214 9.634562
20180907_225402 0.21787901 -0.15802214 9.641745
20180907_225402 0.24182175 -0.15323359 9.634562
20180907_225402 0.24182175 -0.14605077 9.634562
20180907_225403 0.24900457 -0.14844504 9.629773
20180907_225403 0.24421602 -0.15083931 9.6585045
20180907_225403 0.24900457 -0.15802214 9.629773
20180907_225403 0.2370332 -0.14844504 9.656111
20180907_225403 0.2370332 -0.14605077 9.617802
20180907_225403 0.24900457 -0.1699935 9.615408
20180907_225404 0.22266756 -0.15323359 9.646533
20180907_225404 0.22266756 -0.15562786 9.651321
20180907_225404 0.22027329 -0.15323359 9.653716
20180907_225404 0.22985038 -0.16281068 9.656111
20180907_225404 0.23942748 -0.15083931 9.63935
20180907_225405 0.23463893 -0.16520496 9.648928
20180907_225405 0.22266756 -0.15083931 9.627379
20180907_225405 0.24900457 -0.16281068 9.63935
20180907_225405 0.25139886 -0.15323359 9.651321
20180907_225405 0.22985038 -0.16520496 9.644139
20180907_225405 0.2370332 -0.16281068 9.6585045
20180907_225406 0.2561874 -0.13647367 9.636956
20180907_225406 0.28013015 -0.15562786 9.62259
20180907_225406 0.27055305 -0.13886794 9.629773
20180907_225406 0.2561874 -0.14605077 9.641745
20180907_225406 0.2370332 -0.16281068 9.629773
20180907_225407 0.22506183 -0.16041641 9.660899
20180907_225407 0.24421602 -0.18196489 9.613013
20180907_225407 0.23463893 -0.14844504 9.641745
20180907_225407 0.24421602 -0.13886794 9.636956
20180907_225407 0.24900457 -0.15323359 9.634562
20180907_225408 0.21787901 -0.14605077 9.651321
20180907_225408 0.25379312 -0.14365649 9.663293
20180907_225408 0.24421602 -0.14844504 9.629773
20180907_225408 0.22745611 -0.15562786 9.644139
20180907_225408 0.22985038 -0.14844504 9.634562
20180907_225408 0.2561874 -0.14605077 9.617802
20180907_225409 0.2466103 -0.16281068 9.653716
20180907_225409 0.2370332 -0.16759923 9.615408
20180907_225409 0.23463893 -0.13886794 9.634562
20180907_225409 0.2681588 -0.15562786 9.670476
20180907_225409 0.22745611 -0.17478207 9.641745
20180907_225410 0.21069619 -0.17238778 9.653716
20180907_225410 0.2561874 -0.16281068 9.687236
20180907_225410 0.24421602 -0.16520496 9.629773
20180907_225410 0.22745611 -0.15083931 9.629773
20180907_225410 0.2083019 -0.15323359 9.663293
20180907_225410 0.22506183 -0.15802214 9.62259
20180907_225411 0.23463893 -0.15562786 9.646533
20180907_225411 0.19154198 -0.15323359 9.656111
20180907_225411 0.23942748 -0.15802214 9.651321
20180907_225411 0.24182175 -0.14605077 9.6585045
20180907_225411 0.23942748 -0.13886794 9.665688
20180907_225412 0.2370332 -0.15083931 9.653716
20180907_225412 0.21069619 -0.17478207 9.644139
20180907_225412 0.22506183 -0.17238778 9.663293
20180907_225412 0.25858167 -0.14844504 9.629773
20180907_225412 0.23942748 -0.14844504 9.62259
20180907_225412 0.23942748 -0.14844504 9.63935
20180907_225413 0.23463893 -0.15323359 9.627379
20180907_225413 0.24182175 -0.15083931 9.641745
20180907_225413 0.22506183 -0.15562786 9.651321
20180907_225413 0.23463893 -0.13647367 9.660899
20180907_225413 0.22027329 -0.14844504 9.629773
20180907_225414 0.24421602 -0.14844504 9.646533
20180907_225414 0.24900457 -0.15083931 9.634562
20180907_225414 0.24421602 -0.14844504 9.648928
20180907_225414 0.21787901 -0.16520496 9.634562
20180907_225414 0.22266756 -0.1699935 9.629773
20180907_225414 0.24900457 -0.1699935 9.641745
20180907_225415 0.22266756 -0.16041641 9.63935
20180907_225415 0.2370332 -0.15323359 9.641745
20180907_225415 0.2370332 -0.16281068 9.641745
20180907_225415 0.24900457 -0.14365649 9.660899
20180907_225415 0.24182175 -0.14605077 9.641745
20180907_225416 0.24421602 -0.1340794 9.651321
20180907_225416 0.24182175 -0.15562786 9.648928
20180907_225416 0.2370332 -0.14844504 9.63935
20180907_225416 0.22266756 -0.14844504 9.629773
20180907_225416 0.22745611 -0.17238778 9.636956
20180907_225416 0.2370332 -0.15323359 9.656111
20180907_225417 0.26097596 -0.13647367 9.620196
20180907_225417 0.2561874 -0.15323359 9.6585045
20180907_225417 0.24182175 -0.1699935 9.627379
20180907_225417 0.2083019 -0.15083931 9.646533
20180907_225417 0.21309046 -0.15562786 9.663293
20180907_225418 0.2466103 -0.16520496 9.641745
20180907_225418 0.22506183 -0.16041641 9.627379
20180907_225418 0.22985038 -0.15083931 9.653716
20180907_225418 0.23463893 -0.16281068 9.660899
20180907_225418 0.2370332 -0.17478207 9.63935
20180907_225418 0.2370332 -0.15802214 9.644139
20180907_225419 0.23942748 -0.14126222 9.6585045
20180907_225419 0.24182175 -0.15802214 9.656111
20180907_225419 0.2370332 -0.17957062 9.653716
20180907_225419 0.23942748 -0.1699935 9.6585045
20180907_225419 0.23224466 -0.15562786 9.653716
20180907_225420 0.23942748 -0.16281068 9.641745
20180907_225420 0.2370332 -0.16041641 9.648928
20180907_225420 0.24421602 -0.14126222 9.670476
20180907_225420 0.23942748 -0.16520496 9.620196
20180907_225420 0.24421602 -0.16520496 9.665688
20180907_225420 0.22266756 -0.15083931 9.660899
20180907_225421 0.23224466 -0.16759923 9.627379
20180907_225421 0.2370332 -0.16759923 9.653716
20180907_225421 0.2561874 -0.15083931 9.6585045
20180907_225421 0.24900457 -0.15083931 9.63935
20180907_225421 0.2561874 -0.14365649 9.641745
20180907_225422 0.25858167 -0.15323359 9.636956
20180907_225422 0.21309046 -0.14605077 9.634562
20180907_225422 0.24182175 -0.16041641 9.629773
20180907_225422 0.24421602 -0.15802214 9.644139
20180907_225422 0.25858167 -0.16281068 9.644139
20180907_225423 0.2466103 -0.16520496 9.6585045
20180907_225423 0.25379312 -0.14365649 9.60583
20180907_225423 0.23224466 -0.15562786 9.651321
20180907_225423 0.2370332 -0.15802214 9.653716
20180907_225423 0.23463893 -0.16281068 9.665688
20180907_225423 0.24182175 -0.15562786 9.646533
20180907_225424 0.2466103 -0.14844504 9.653716
20180907_225424 0.25858167 -0.15802214 9.644139
20180907_225424 0.23224466 -0.18435916 9.641745
20180907_225424 0.25139886 -0.14126222 9.646533
20180907_225424 0.24182175 -0.16520496 9.624985
20180907_225425 0.23463893 -0.1699935 9.641745
20180907_225425 0.2466103 -0.16759923 9.641745
20180907_225425 0.2370332 -0.13886794 9.646533
20180907_225425 0.23224466 -0.15323359 9.62259
20180907_225425 0.21309046 -0.15083931 9.613013
20180907_225425 0.23463893 -0.17717634 9.627379
20180907_225426 0.22506183 -0.14844504 9.6585045
20180907_225426 0.25858167 -0.1699935 9.660899
20180907_225426 0.22506183 -0.16041641 9.634562
20180907_225426 0.2466103 -0.14844504 9.632168
20180907_225426 0.24421602 -0.15802214 9.656111
20180907_225427 0.2466103 -0.15562786 9.63935
20180907_225427 0.23224466 -0.15323359 9.648928
20180907_225427 0.23942748 -0.15802214 9.648928
20180907_225427 0.24421602 -0.15562786 9.646533
20180907_225427 0.22266756 -0.16281068 9.641745
20180907_225427 0.24421602 -0.15323359 9.648928
20180907_225428 0.24182175 -0.15562786 9.634562
20180907_225428 0.2466103 -0.16759923 9.636956
20180907_225428 0.2370332 -0.15083931 9.624985
20180907_225428 0.24182175 -0.16041641 9.651321
20180907_225428 0.24900457 -0.16281068 9.63935
20180907_225429 0.22985038 -0.17238778 9.663293
20180907_225429 0.22266756 -0.15562786 9.627379
20180907_225429 0.24421602 -0.14605077 9.63935
20180907_225429 0.2466103 -0.16041641 9.632168
20180907_225429 0.24182175 -0.13886794 9.651321
20180907_225429 0.23224466 -0.16281068 9.63935
20180907_225430 0.23463893 -0.16759923 9.653716
20180907_225430 0.24900457 -0.16759923 9.663293
20180907_225430 0.2561874 -0.17478207 9.653716
20180907_225430 0.22266756 -0.16759923 9.675264
20180907_225430 0.21787901 -0.14126222 9.629773
20180907_225431 0.2466103 -0.16759923 9.644139
20180907_225431 0.23942748 -0.17238778 9.656111
20180907_225431 0.22027329 -0.15083931 9.632168
20180907_225431 0.23942748 -0.17478207 9.641745
20180907_225431 0.22745611 -0.16759923 9.632168
20180907_225431 0.23463893 -0.16041641 9.665688
20180907_225432 0.24182175 -0.15083931 9.663293
20180907_225432 0.2370332 -0.17478207 9.660899
20180907_225432 0.22506183 -0.15802214 9.644139
20180907_225432 0.24900457 -0.16759923 9.632168
20180907_225432 0.23463893 -0.15802214 9.634562
20180907_225433 0.2466103 -0.13886794 9.644139
20180907_225433 0.24182175 -0.16759923 9.629773
20180907_225433 0.24182175 -0.15802214 9.627379
20180907_225433 0.23942748 -0.16759923 9.644139
20180907_225433 0.21787901 -0.16041641 9.634562
20180907_225433 0.21309046 -0.16041641 9.660899
20180907_225434 0.22027329 -0.16520496 9.644139
20180907_225434 0.23942748 -0.14844504 9.620196
20180907_225434 0.23463893 -0.16041641 9.651321
20180907_225434 0.2466103 -0.15083931 9.61062
20180907_225434 0.25379312 -0.15323359 9.636956
20180907_225435 0.25139886 -0.14605077 9.648928
20180907_225435 0.2370332 -0.13886794 9.641745
20180907_225435 0.24182175 -0.15802214 9.648928
20180907_225435 0.22985038 -0.15323359 9.656111
20180907_225435 0.2370332 -0.16041641 9.6585045
20180907_225435 0.2370332 -0.17957062 9.656111
20180907_225436 0.23463893 -0.15323359 9.63935
20180907_225436 0.22985038 -0.16281068 9.644139
20180907_225436 0.23463893 -0.15323359 9.653716
20180907_225436 0.23463893 -0.1699935 9.636956
20180907_225436 0.25379312 -0.17238778 9.629773
20180907_225437 0.23463893 -0.16520496 9.665688
20180907_225437 0.2370332 -0.16041641 9.648928
20180907_225437 0.24421602 -0.15562786 9.641745
20180907_225437 0.23463893 -0.16520496 9.651321
20180907_225437 0.21787901 -0.16759923 9.651321
20180907_225438 0.2466103 -0.1699935 9.62259
20180907_225438 0.25139886 -0.14844504 9.648928
20180907_225438 0.24421602 -0.1699935 9.641745
20180907_225438 0.22506183 -0.15562786 9.63935
20180907_225438 0.24900457 -0.16759923 9.663293
20180907_225438 0.2561874 -0.16520496 9.646533
20180907_225439 0.23224466 -0.14365649 9.644139
20180907_225439 0.25858167 -0.14605077 9.632168
20180907_225439 0.24182175 -0.12929083 9.641745
20180907_225439 0.2466103 -0.16520496 9.648928
20180907_225439 0.24421602 -0.17717634 9.646533
20180907_225440 0.22506183 -0.16281068 9.648928
20180907_225440 0.2681588 -0.15562786 9.641745
20180907_225440 0.25379312 -0.15802214 9.672871
20180907_225440 0.2466103 -0.18914771 9.663293
20180907_225440 0.22027329 -0.17238778 9.634562
20180907_225440 0.2370332 -0.16520496 9.641745
20180907_225441 0.24182175 -0.16759923 9.648928
20180907_225441 0.28970724 -0.16759923 9.6585045
20180907_225441 0.23463893 -0.15083931 9.641745
20180907_225441 0.2466103 -0.16520496 9.6896305
20180907_225441 0.2466103 -0.17717634 9.648928
20180907_225442 0.22745611 -0.16759923 9.6585045
20180907_225442 0.24900457 -0.16281068 9.636956
20180907_225442 0.25139886 -0.17238778 9.62259
20180907_225442 0.25379312 -0.17717634 9.656111
20180907_225442 0.2466103 -0.14844504 9.632168
20180907_225442 0.23942748 -0.16759923 9.6585045
20180907_225443 0.22027329 -0.1699935 9.634562
20180907_225443 0.22027329 -0.15323359 9.653716
20180907_225443 0.24900457 -0.15802214 9.644139
20180907_225443 0.25139886 -0.18196489 9.6585045
20180907_225443 0.24182175 -0.15083931 9.651321
20180907_225444 0.2657645 -0.14365649 9.644139
20180907_225444 0.26097596 -0.1340794 9.636956
20180907_225444 0.23463893 -0.16041641 9.632168
20180907_225444 0.23942748 -0.17478207 9.641745
20180907_225444 0.23942748 -0.15323359 9.629773
20180907_225444 0.24182175 -0.16520496 9.656111
20180907_225445 0.21069619 -0.15802214 9.63935
20180907_225445 0.2561874 -0.17478207 9.632168
20180907_225445 0.2753416 -0.15562786 9.648928
20180907_225445 0.24421602 -0.14605077 9.672871
20180907_225445 0.22506183 -0.16281068 9.636956
20180907_225446 0.24182175 -0.1699935 9.653716
20180907_225446 0.22745611 -0.17238778 9.636956
20180907_225446 0.24421602 -0.16041641 9.644139
20180907_225446 0.2561874 -0.16759923 9.648928
20180907_225446 0.24182175 -0.15562786 9.63935
20180907_225446 0.22266756 -0.14844504 9.644139
20180907_225447 0.22745611 -0.16520496 9.624985
20180907_225447 0.24421602 -0.14844504 9.646533
20180907_225447 0.22745611 -0.15562786 9.653716
20180907_225447 0.23224466 -0.16520496 9.641745
20180907_225447 0.23942748 -0.16759923 9.648928
20180907_225448 0.23224466 -0.16281068 9.653716
20180907_225448 0.2370332 -0.15323359 9.656111
20180907_225448 0.25139886 -0.17957062 9.617802
20180907_225448 0.22506183 -0.1699935 9.651321
20180907_225448 0.23224466 -0.16041641 9.629773
20180907_225448 0.22506183 -0.16759923 9.656111
20180907_225449 0.25139886 -0.16041641 9.656111
20180907_225449 0.21548474 -0.15562786 9.6585045
20180907_225449 0.22745611 -0.15802214 9.629773
20180907_225449 0.22745611 -0.16759923 9.6585045
20180907_225449 0.22266756 -0.16281068 9.660899
20180907_225450 0.23224466 -0.14126222 9.644139
20180907_225450 0.2370332 -0.1699935 9.663293
20180907_225450 0.25858167 -0.15083931 9.660899
20180907_225450 0.22985038 -0.18196489 9.63935
20180907_225450 0.23224466 -0.16281068 9.63935
20180907_225450 0.22027329 -0.1699935 9.668081
20180907_225451 0.26097596 -0.17478207 9.653716
20180907_225451 0.25379312 -0.17957062 9.656111
20180907_225451 0.24421602 -0.16281068 9.624985
20180907_225451 0.24900457 -0.17957062 9.646533
20180907_225451 0.22745611 -0.14126222 9.656111
20180907_225452 0.23942748 -0.16281068 9.634562
20180907_225452 0.25379312 -0.17478207 9.624985
20180907_225452 0.2370332 -0.15562786 9.660899
20180907_225452 0.23942748 -0.15323359 9.644139
20180907_225452 0.23942748 -0.1699935 9.648928
20180907_225453 0.25379312 -0.15562786 9.644139
20180907_225453 0.23463893 -0.15562786 9.663293
20180907_225453 0.23224466 -0.16041641 9.644139
20180907_225453 0.21787901 -0.16041641 9.636956
20180907_225453 0.22985038 -0.16041641 9.656111
20180907_225453 0.24182175 -0.14365649 9.660899
20180907_225454 0.22985038 -0.14365649 9.665688
20180907_225454 0.22985038 -0.17478207 9.63935
20180907_225454 0.23942748 -0.15083931 9.663293
20180907_225454 0.24182175 -0.17478207 9.644139
20180907_225454 0.23224466 -0.16759923 9.634562
20180907_225455 0.23942748 -0.15562786 9.632168
20180907_225455 0.23942748 -0.16759923 9.648928
20180907_225455 0.23942748 -0.15802214 9.665688
20180907_225455 0.24421602 -0.15562786 9.648928
20180907_225455 0.22027329 -0.16759923 9.660899
20180907_225455 0.25379312 -0.14605077 9.668081
20180907_225456 0.25139886 -0.15562786 9.644139
20180907_225456 0.25379312 -0.16281068 9.653716
20180907_225456 0.21548474 -0.15802214 9.636956
20180907_225456 0.22506183 -0.1699935 9.648928
20180907_225456 0.2466103 -0.16520496 9.634562
20180907_225457 0.2083019 -0.16520496 9.668081
20180907_225457 0.23463893 -0.16759923 9.651321
20180907_225457 0.23224466 -0.16041641 9.668081
20180907_225457 0.23224466 -0.17717634 9.6585045
20180907_225457 0.24182175 -0.16281068 9.653716
20180907_225457 0.24182175 -0.16041641 9.677659
20180907_225458 0.23463893 -0.16520496 9.644139
20180907_225458 0.23942748 -0.13886794 9.634562
20180907_225458 0.2466103 -0.17478207 9.651321
20180907_225458 0.23942748 -0.14844504 9.651321
20180907_225458 0.24182175 -0.16041641 9.63935
20180907_225459 0.25858167 -0.15083931 9.660899
20180907_225459 0.23224466 -0.17957062 9.641745
20180907_225459 0.2561874 -0.14844504 9.6585045
20180907_225459 0.23942748 -0.15562786 9.627379
20180907_225459 0.26337022 -0.16041641 9.663293
20180907_225459 0.2370332 -0.16041641 9.644139
20180907_225500 0.23463893 -0.16281068 9.63935
20180907_225500 0.25379312 -0.16281068 9.636956
20180907_225500 0.24182175 -0.15562786 9.660899
20180907_225500 0.2370332 -0.16759923 9.620196
20180907_225500 0.24421602 -0.17478207 9.651321
20180907_225501 0.22027329 -0.16520496 9.617802
20180907_225501 0.22266756 -0.17238778 9.634562
20180907_225501 0.23942748 -0.15562786 9.660899
20180907_225501 0.25139886 -0.15562786 9.651321
20180907_225501 0.25379312 -0.14844504 9.632168
20180907_225501 0.24900457 -0.17238778 9.660899
20180907_225502 0.2466103 -0.1699935 9.641745
20180907_225502 0.21787901 -0.18675344 9.641745
20180907_225502 0.24900457 -0.17957062 9.663293
20180907_225502 0.22745611 -0.16281068 9.641745
20180907_225502 0.2370332 -0.17238778 9.6585045
20180907_225503 0.25379312 -0.1699935 9.653716
20180907_225503 0.22266756 -0.16759923 9.6585045
20180907_225503 0.2370332 -0.14844504 9.646533
20180907_225503 0.22745611 -0.15323359 9.651321
20180907_225503 0.2466103 -0.15083931 9.656111
20180907_225503 0.20590763 -0.15083931 9.656111
20180907_225504 0.22506183 -0.17238778 9.656111
20180907_225504 0.23224466 -0.15083931 9.636956
20180907_225504 0.27294734 -0.15323359 9.660899
20180907_225504 0.25139886 -0.15802214 9.665688
20180907_225504 0.21309046 -0.14605077 9.663293
20180907_225505 0.20590763 -0.15562786 9.636956
20180907_225505 0.25139886 -0.15562786 9.648928
20180907_225505 0.25139886 -0.16520496 9.663293
20180907_225505 0.22266756 -0.14844504 9.660899
20180907_225505 0.24900457 -0.14844504 9.634562
20180907_225505 0.23942748 -0.15802214 9.668081
20180907_225506 0.23463893 -0.16759923 9.668081
20180907_225506 0.23463893 -0.16759923 9.665688
20180907_225506 0.24182175 -0.18435916 9.687236
20180907_225506 0.2083019 -0.16520496 9.636956
20180907_225506 0.24182175 -0.14365649 9.653716
20180907_225507 0.27294734 -0.14365649 9.646533
20180907_225507 0.22266756 -0.15562786 9.6585045
20180907_225507 0.24182175 -0.16520496 9.648928
20180907_225507 0.2370332 -0.16041641 9.665688
20180907_225507 0.24900457 -0.15562786 9.651321
20180907_225508 0.21548474 -0.15562786 9.6585045
20180907_225508 0.20351335 -0.15562786 9.660899
20180907_225508 0.24421602 -0.15802214 9.63935
20180907_225508 0.27294734 -0.16041641 9.651321
20180907_225508 0.23224466 -0.18196489 9.646533
20180907_225508 0.22506183 -0.15802214 9.644139
20180907_225509 0.25379312 -0.14365649 9.660899
20180907_225509 0.22985038 -0.15562786 9.672871
20180907_225509 0.2083019 -0.15802214 9.63935
20180907_225509 0.22266756 -0.16759923 9.668081
20180907_225509 0.24182175 -0.16520496 9.663293
20180907_225510 0.23224466 -0.15562786 9.648928
20180907_225510 0.21548474 -0.1699935 9.648928
20180907_225510 0.21548474 -0.16759923 9.670476
20180907_225510 0.25379312 -0.15802214 9.651321
20180907_225510 0.25379312 -0.15323359 9.646533
20180907_225510 0.22506183 -0.15802214 9.644139
20180907_225511 0.20590763 -0.17238778 9.653716
20180907_225511 0.2370332 -0.15083931 9.63935
20180907_225511 0.22745611 -0.15562786 9.651321
20180907_225511 0.22745611 -0.16759923 9.6585045
20180907_225511 0.20590763 -0.16281068 9.651321
20180907_225512 0.23224466 -0.17957062 9.653716
20180907_225512 0.23463893 -0.17717634 9.641745
20180907_225512 0.23463893 -0.15562786 9.636956
20180907_225512 0.24421602 -0.17478207 9.632168
20180907_225512 0.22745611 -0.16759923 9.6585045
20180907_225512 0.21787901 -0.18435916 9.687236
20180907_225513 0.21309046 -0.16281068 9.663293
20180907_225513 0.25858167 -0.16520496 9.644139
20180907_225513 0.23463893 -0.15323359 9.663293
20180907_225513 0.22985038 -0.16281068 9.660899
20180907_225513 0.21069619 -0.18675344 9.6585045
20180907_225514 0.22027329 -0.15802214 9.663293
20180907_225514 0.22506183 -0.18914771 9.648928
20180907_225514 0.23942748 -0.16520496 9.632168
20180907_225514 0.27055305 -0.15323359 9.651321
20180907_225514 0.26097596 -0.14605077 9.632168
20180907_225514 0.25858167 -0.13647367 9.660899
20180907_225515 0.23463893 -0.15083931 9.665688
20180907_225515 0.19633053 -0.18435916 9.636956
20180907_225515 0.19633053 -0.15802214 9.63935
20180907_225515 0.21787901 -0.17957062 9.653716
20180907_225515 0.22506183 -0.16759923 9.6585045
20180907_225516 0.22506183 -0.15562786 9.636956
20180907_225516 0.24900457 -0.16281068 9.668081
20180907_225516 0.2681588 -0.14844504 9.651321
20180907_225516 0.23942748 -0.15562786 9.653716
20180907_225516 0.27055305 -0.16281068 9.629773
20180907_225516 0.25858167 -0.15083931 9.651321
20180907_225517 0.2370332 -0.14844504 9.644139
20180907_225517 0.25379312 -0.16281068 9.648928
20180907_225517 0.22506183 -0.17238778 9.653716
20180907_225517 0.23224466 -0.16281068 9.656111
20180907_225517 0.25379312 -0.15562786 9.656111
20180907_225518 0.24182175 -0.1340794 9.656111
20180907_225518 0.21309046 -0.1699935 9.656111
20180907_225518 0.20111908 -0.16520496 9.675264
20180907_225518 0.23463893 -0.16281068 9.634562
20180907_225518 0.23942748 -0.18196489 9.644139
20180907_225518 0.2681588 -0.14605077 9.648928
20180907_225519 0.25379312 -0.14365649 9.641745
20180907_225519 0.23224466 -0.15562786 9.670476
20180907_225519 0.23224466 -0.15323359 9.651321
20180907_225519 0.21309046 -0.17717634 9.651321
20180907_225519 0.24421602 -0.17957062 9.668081
20180907_225520 0.23463893 -0.16520496 9.682447
20180907_225520 0.2466103 -0.15802214 9.665688
20180907_225520 0.24421602 -0.16759923 9.656111
20180907_225520 0.26097596 -0.16041641 9.632168
20180907_225520 0.2370332 -0.15562786 9.646533
20180907_225520 0.21787901 -0.17957062 9.63935
20180907_225521 0.24182175 -0.16520496 9.663293
20180907_225521 0.23463893 -0.16041641 9.636956
20180907_225521 0.25379312 -0.16281068 9.653716
20180907_225521 0.2561874 -0.15323359 9.663293
20180907_225521 0.26097596 -0.14605077 9.63935
20180907_225522 0.24421602 -0.1340794 9.644139
20180907_225522 0.24421602 -0.15562786 9.646533
20180907_225522 0.2561874 -0.16281068 9.663293
20180907_225522 0.21787901 -0.17957062 9.651321
20180907_225522 0.21548474 -0.17478207 9.648928
20180907_225523 0.25139886 -0.17238778 9.653716
20180907_225523 0.24182175 -0.15562786 9.632168
20180907_225523 0.25379312 -0.14365649 9.665688
20180907_225523 0.25139886 -0.15802214 9.665688
20180907_225523 0.23463893 -0.15562786 9.644139
20180907_225523 0.23224466 -0.17957062 9.646533
20180907_225524 0.24900457 -0.15802214 9.646533
20180907_225524 0.25139886 -0.18675344 9.624985
20180907_225524 0.23942748 -0.16759923 9.651321
20180907_225524 0.2681588 -0.16759923 9.646533
20180907_225524 0.2466103 -0.15562786 9.663293
20180907_225525 0.24182175 -0.17478207 9.656111
20180907_225525 0.25858167 -0.16281068 9.656111
20180907_225525 0.23224466 -0.13886794 9.665688
20180907_225525 0.24900457 -0.16041641 9.670476
20180907_225525 0.22985038 -0.17717634 9.63935
20180907_225525 0.22985038 -0.15323359 9.641745
20180907_225526 0.27294734 -0.15562786 9.6585045
20180907_225526 0.2849187 -0.16520496 9.656111
20180907_225526 0.26337022 -0.14605077 9.656111
20180907_225526 0.2466103 -0.13647367 9.634562
20180907_225526 0.23942748 -0.15323359 9.641745
20180907_225527 0.25858167 -0.17478207 9.648928
20180907_225527 0.22506183 -0.17238778 9.646533
20180907_225527 0.22745611 -0.1699935 9.644139
20180907_225527 0.22506183 -0.15802214 9.641745
20180907_225527 0.2370332 -0.18675344 9.656111
20180907_225527 0.22985038 -0.15083931 9.648928
20180907_225528 0.25139886 -0.12929083 9.641745
20180907_225528 0.25858167 -0.17238778 9.641745
20180907_225528 0.22027329 -0.15083931 9.651321
20180907_225528 0.25139886 -0.16520496 9.648928
20180907_225528 0.22745611 -0.15083931 9.675264
20180907_225529 0.22745611 -0.15323359 9.668081
20180907_225529 0.2561874 -0.17478207 9.663293
20180907_225529 0.24182175 -0.14844504 9.63935
20180907_225529 0.22985038 -0.15562786 9.641745
20180907_225529 0.23942748 -0.16041641 9.6585045
20180907_225529 0.2561874 -0.15802214 9.672871
20180907_225530 0.20351335 -0.17717634 9.6585045
20180907_225530 0.24182175 -0.16759923 9.670476
20180907_225530 0.23224466 -0.1699935 9.6585045
20180907_225530 0.25379312 -0.16759923 9.648928
20180907_225530 0.26337022 -0.15802214 9.651321
20180907_225531 0.2370332 -0.15083931 9.634562
20180907_225531 0.24421602 -0.16041641 9.644139
20180907_225531 0.21787901 -0.18435916 9.6585045
20180907_225531 0.22266756 -0.16759923 9.644139
20180907_225531 0.22985038 -0.15562786 9.656111
20180907_225531 0.24900457 -0.15562786 9.644139
20180907_225532 0.2753416 -0.14605077 9.651321
20180907_225532 0.24900457 -0.16041641 9.648928
20180907_225532 0.25379312 -0.14126222 9.632168
20180907_225532 0.24421602 -0.14844504 9.651321
20180907_225532 0.28252444 -0.14365649 9.63935
20180907_225533 0.23224466 -0.16759923 9.646533
20180907_225533 0.18914771 -0.16041641 9.684841
20180907_225533 0.23224466 -0.17238778 9.648928
20180907_225533 0.2777359 -0.16759923 9.644139
20180907_225533 0.29210153 -0.16041641 9.644139
20180907_225533 0.26097596 -0.18196489 9.644139
20180907_225534 0.18675344 -0.18675344 9.636956
20180907_225534 0.19154198 -0.17238778 9.641745
20180907_225534 0.2370332 -0.14844504 9.648928
20180907_225534 0.2657645 -0.15562786 9.644139
20180907_225534 0.22745611 -0.15323359 9.6585045
20180907_225535 0.20590763 -0.17238778 9.617802
20180907_225535 0.22745611 -0.16520496 9.663293
20180907_225535 0.21309046 -0.16281068 9.646533
20180907_225535 0.2370332 -0.15802214 9.646533
20180907_225535 0.24421602 -0.15323359 9.624985
20180907_225535 0.24421602 -0.14844504 9.636956
20180907_225536 0.2561874 -0.1699935 9.648928
20180907_225536 0.24421602 -0.16281068 9.663293
20180907_225536 0.2466103 -0.16281068 9.648928
20180907_225536 0.2370332 -0.15802214 9.636956
20180907_225536 0.22506183 -0.15323359 9.675264
20180907_225537 0.22985038 -0.1699935 9.644139
20180907_225537 0.24900457 -0.14844504 9.651321
20180907_225537 0.22745611 -0.15562786 9.670476
20180907_225537 0.24182175 -0.16759923 9.648928
20180907_225537 0.22027329 -0.14844504 9.660899
20180907_225537 0.2370332 -0.1699935 9.636956
20180907_225538 0.25139886 -0.16281068 9.660899
20180907_225538 0.23463893 -0.16281068 9.663293
20180907_225538 0.22266756 -0.16759923 9.641745
20180907_225538 0.24182175 -0.16520496 9.660899
20180907_225538 0.24421602 -0.16759923 9.634562
20180907_225539 0.23463893 -0.1699935 9.63935
20180907_225539 0.24421602 -0.15323359 9.634562
20180907_225539 0.23942748 -0.14605077 9.620196
20180907_225539 0.22506183 -0.14844504 9.63935
20180907_225539 0.25379312 -0.17717634 9.648928
20180907_225540 0.22027329 -0.17238778 9.651321
20180907_225540 0.24182175 -0.14844504 9.62259
20180907_225540 0.24421602 -0.15323359 9.648928
20180907_225540 0.25379312 -0.15083931 9.648928
20180907_225540 0.23224466 -0.15323359 9.634562
20180907_225540 0.22506183 -0.15562786 9.660899
20180907_225541 0.24182175 -0.15802214 9.651321
20180907_225541 0.2466103 -0.14365649 9.665688
20180907_225541 0.2370332 -0.14844504 9.670476
20180907_225541 0.24182175 -0.15562786 9.651321
20180907_225541 0.2370332 -0.16520496 9.656111
20180907_225542 0.21787901 -0.1699935 9.644139
20180907_225542 0.23224466 -0.18196489 9.653716
20180907_225542 0.23942748 -0.15083931 9.646533
20180907_225542 0.22745611 -0.15802214 9.665688
20180907_225542 0.22745611 -0.16041641 9.615408
20180907_225542 0.24182175 -0.16041641 9.644139
20180907_225543 0.21069619 -0.15562786 9.644139
20180907_225543 0.2370332 -0.16520496 9.651321
20180907_225543 0.2657645 -0.19393626 9.653716
20180907_225543 0.23942748 -0.15802214 9.646533
20180907_225543 0.23942748 -0.14844504 9.63935
20180907_225544 0.23224466 -0.17238778 9.644139
20180907_225544 0.23463893 -0.15562786 9.682447
20180907_225544 0.2466103 -0.16759923 9.648928
20180907_225544 0.23224466 -0.15802214 9.670476
20180907_225544 0.22266756 -0.15083931 9.682447
20180907_225544 0.18675344 -0.16520496 9.653716
20180907_225545 0.14605077 -0.11971374 9.675264
20180907_225545 0.18435916 -0.13886794 9.665688
20180907_225545 0.22027329 -0.14844504 9.648928
20180907_225545 0.28731298 -0.16520496 9.63935
20180907_225545 0.32801566 -0.1987248 9.651321
20180907_225546 0.23224466 -0.07422252 9.63935
20180907_225546 0.36871833 -0.22506183 9.656111
20180907_225546 0.27294734 -0.17478207 9.668081
20180907_225546 0.25858167 -0.14605077 9.656111
20180907_225546 0.25379312 -0.17957062 9.648928
20180907_225546 0.16759923 -0.15323359 9.663293
20180907_225547 0.19393626 -0.13647367 9.644139
20180907_225547 0.24182175 -0.16520496 9.636956
20180907_225547 0.2370332 -0.17238778 9.629773
20180907_225547 0.24421602 -0.17238778 9.644139
20180907_225547 0.22027329 -0.15323359 9.634562
20180907_225548 0.25379312 -0.1699935 9.656111
20180907_225548 0.24421602 -0.16041641 9.636956
20180907_225548 0.24900457 -0.16759923 9.660899
20180907_225548 0.26337022 -0.1699935 9.63935
20180907_225548 0.23942748 -0.18914771 9.644139
20180907_225548 0.23463893 -0.16759923 9.646533
20180907_225549 0.2370332 -0.17478207 9.636956
20180907_225549 0.23224466 -0.15323359 9.636956
20180907_225549 0.24900457 -0.12450229 9.629773
20180907_225549 0.21787901 -0.16759923 9.634562
20180907_225549 0.22745611 -0.16281068 9.632168
20180907_225550 0.21787901 -0.15323359 9.63935
20180907_225550 0.22745611 -0.14365649 9.641745
20180907_225550 0.21069619 -0.15083931 9.63935
20180907_225550 0.24421602 -0.17478207 9.627379
20180907_225550 0.23463893 -0.14365649 9.634562
20180907_225550 0.25379312 -0.16281068 9.644139
20180907_225551 0.22745611 -0.17478207 9.636956
20180907_225551 0.22985038 -0.16281068 9.627379
20180907_225551 0.24421602 -0.16041641 9.617802
20180907_225551 0.21787901 -0.16281068 9.569917
20180907_225551 0.22745611 -0.16041641 9.627379
20180907_225552 0.25139886 -0.1699935 9.634562
20180907_225552 0.2657645 -0.1699935 9.632168
20180907_225552 0.22985038 -0.16520496 9.627379
20180907_225552 0.2466103 -0.15562786 9.615408
20180907_225552 0.22985038 -0.16281068 9.62259
20180907_225552 0.2466103 -0.15802214 9.629773
20180907_225553 0.23463893 -0.16520496 9.62259
20180907_225553 0.25858167 -0.16281068 9.608225
20180907_225553 0.2466103 -0.16281068 9.601042
20180907_225553 0.23224466 -0.16041641 9.62259
20180907_225553 0.22266756 -0.15323359 9.617802
20180907_225554 0.22506183 -0.15323359 9.60583
20180907_225554 0.24421602 -0.15562786 9.608225
20180907_225554 0.25139886 -0.14365649 9.60583
20180907_225554 0.22266756 -0.16281068 9.641745
20180907_225554 0.21309046 -0.16281068 9.615408
20180907_225555 0.25379312 -0.16041641 9.636956
20180907_225555 0.2561874 -0.16041641 9.593859
20180907_225555 0.21309046 -0.14844504 9.617802
20180907_225555 0.25139886 -0.1699935 9.598648
20180907_225555 0.21309046 -0.16041641 9.627379
20180907_225555 0.2370332 -0.15802214 9.598648
20180907_225556 0.20351335 -0.1699935 9.591465
20180907_225556 0.2561874 -0.13886794 9.457385
20180907_225556 0.24421602 -0.16520496 9.613013
20180907_225556 0.23463893 -0.12929083 9.596253
20180907_225556 0.23224466 -0.1699935 9.617802
20180907_225557 0.25139886 -0.15802214 9.591465
20180907_225557 0.23224466 -0.1699935 9.615408
20180907_225557 0.23224466 -0.15562786 9.615408
20180907_225557 0.22506183 -0.17478207 9.593859
20180907_225557 0.23942748 -0.15083931 9.62259
20180907_225557 0.24182175 -0.16041641 9.60583
20180907_225558 0.23463893 -0.17478207 9.591465
20180907_225558 0.2083019 -0.17238778 9.627379
20180907_225558 0.25858167 -0.15083931 9.601042
20180907_225558 0.26337022 -0.16281068 9.57231
20180907_225558 0.22506183 -0.15323359 9.601042
20180907_225559 0.22506183 -0.15562786 9.598648
20180907_225559 0.24182175 -0.16041641 9.644139
20180907_225559 0.24421602 -0.16281068 9.591465
20180907_225559 0.23463893 -0.15562786 9.613013
20180907_225559 0.25139886 -0.15323359 9.557945
20180907_225559 0.22985038 -0.15083931 9.598648
20180907_225600 0.22266756 -0.17957062 9.60583
20180907_225600 0.22027329 -0.14365649 9.641745
20180907_225600 0.23224466 -0.14605077 9.620196
20180907_225600 0.24900457 -0.15083931 9.615408
20180907_225600 0.21069619 -0.18675344 9.58907
20180907_225601 0.25139886 -0.1699935 9.577099
20180907_225601 0.23224466 -0.17957062 9.586677
20180907_225601 0.2370332 -0.1699935 9.591465
20180907_225601 0.2083019 -0.16759923 9.596253
20180907_225601 0.25139886 -0.1699935 9.601042
20180907_225601 0.24900457 -0.15802214 9.591465
20180907_225602 0.26097596 -0.15083931 9.574705
20180907_225602 0.23224466 -0.17478207 9.567522
20180907_225602 0.23463893 -0.15802214 9.624985
20180907_225602 0.2849187 -0.14126222 9.627379
20180907_225602 0.20111908 -0.18675344 9.601042
20180907_225603 0.23942748 -0.1699935 9.574705
20180907_225603 0.2466103 -0.16281068 9.603436
20180907_225603 0.22745611 -0.16281068 9.615408
20180907_225603 0.23942748 -0.16759923 9.598648
20180907_225603 0.25379312 -0.15802214 9.584282
20180907_225603 0.23463893 -0.15083931 9.5794935
20180907_225604 0.2561874 -0.15323359 9.555551
20180907_225604 0.25139886 -0.14844504 9.598648
20180907_225604 0.2657645 -0.16759923 9.61062
20180907_225604 0.22745611 -0.18435916 9.624985
20180907_225604 0.2561874 -0.1699935 9.608225
20180907_225605 0.25858167 -0.16281068 9.557945
20180907_225605 0.23942748 -0.17717634 9.567522
20180907_225605 0.2561874 -0.16281068 9.560339
20180907_225605 0.22985038 -0.17238778 9.574705
20180907_225605 0.23942748 -0.15323359 9.641745
20180907_225605 0.22985038 -0.16041641 9.62259
20180907_225606 0.27294734 -0.13886794 9.574705
20180907_225606 0.2657645 -0.17478207 9.58907
20180907_225606 0.19393626 -0.15802214 9.574705
20180907_225606 0.21548474 -0.14605077 9.586677
20180907_225606 0.24900457 -0.14605077 9.586677
20180907_225607 0.23463893 -0.16281068 9.617802
20180907_225607 0.24182175 -0.17238778 9.617802
20180907_225607 0.2466103 -0.15323359 9.593859
20180907_225607 0.22506183 -0.14844504 9.613013
20180907_225607 0.2466103 -0.15802214 9.5794935
20180907_225607 0.22985038 -0.15083931 9.586677
20180907_225608 0.24900457 -0.16520496 9.584282
20180907_225608 0.23224466 -0.16759923 9.601042
20180907_225608 0.24421602 -0.16281068 9.593859
20180907_225608 0.2681588 -0.16281068 9.577099
20180907_225608 0.24182175 -0.17957062 9.574705
20180907_225609 0.2370332 -0.16759923 9.629773
20180907_225609 0.2466103 -0.15802214 9.5794935
20180907_225609 0.23942748 -0.1699935 9.567522
20180907_225609 0.22745611 -0.16281068 9.644139
20180907_225609 0.26097596 -0.16759923 9.613013
20180907_225610 0.23224466 -0.16041641 9.620196
20180907_225610 0.25379312 -0.15323359 9.620196
20180907_225610 0.21787901 -0.16520496 9.620196
20180907_225610 0.2561874 -0.16520496 9.567522
20180907_225610 0.23224466 -0.16520496 9.596253
20180907_225610 0.21548474 -0.15083931 9.608225
20180907_225611 0.23942748 -0.16041641 9.596253
20180907_225611 0.23224466 -0.16041641 9.624985
20180907_225611 0.23224466 -0.16759923 9.603436
20180907_225611 0.24421602 -0.15802214 9.617802
20180907_225611 0.25139886 -0.15083931 9.608225
20180907_225612 0.23463893 -0.14365649 9.58907
20180907_225612 0.25379312 -0.15562786 9.593859
20180907_225612 0.23942748 -0.17238778 9.629773
20180907_225612 0.23224466 -0.16759923 9.601042
20180907_225612 0.24421602 -0.15802214 9.620196
20180907_225612 0.25858167 -0.15323359 9.615408
20180907_225613 0.2466103 -0.16520496 9.617802
20180907_225613 0.27055305 -0.16281068 9.617802
20180907_225613 0.24182175 -0.15802214 9.617802
20180907_225613 0.25139886 -0.19154198 9.60583
20180907_225613 0.2466103 -0.16520496 9.603436
20180907_225614 0.22266756 -0.15562786 9.60583
20180907_225614 0.2561874 -0.14844504 9.632168
20180907_225614 0.2466103 -0.15802214 9.617802
20180907_225614 0.23942748 -0.15562786 9.601042
20180907_225614 0.26097596 -0.18435916 9.60583
20180907_225614 0.2466103 -0.17717634 9.60583
20180907_225615 0.2466103 -0.17478207 9.60583
20180907_225615 0.23224466 -0.14844504 9.617802
20180907_225615 0.2681588 -0.17478207 9.60583
20180907_225615 0.23942748 -0.17478207 9.624985
20180907_225615 0.2370332 -0.14605077 9.60583
20180907_225616 0.24900457 -0.15323359 9.627379
20180907_225616 0.2657645 -0.22506183 9.601042
20180907_225616 0.23463893 -0.12929083 9.636956
20180907_225616 0.22745611 -0.13886794 9.617802
20180907_225616 0.28970724 -0.15323359 9.624985
20180907_225616 0.2753416 -0.18196489 9.624985
20180907_225617 0.25858167 -0.1699935 9.617802
20180907_225617 0.2561874 -0.14844504 9.613013
20180907_225617 0.2466103 -0.16759923 9.617802
20180907_225617 0.24900457 -0.14844504 9.617802
20180907_225617 0.20590763 -0.13647367 9.598648
20180907_225618 0.22985038 -0.15083931 9.603436
20180907_225618 0.22985038 -0.16520496 9.613013
20180907_225618 0.25139886 -0.16759923 9.624985
20180907_225618 0.25139886 -0.16759923 9.601042
20180907_225618 0.2370332 -0.14365649 9.617802
20180907_225618 0.26097596 -0.16520496 9.603436
20180907_225619 0.22985038 -0.19154198 9.629773
20180907_225619 0.24421602 -0.16041641 9.603436
20180907_225619 0.22266756 -0.17717634 9.624985
20180907_225619 0.2370332 -0.15083931 9.591465
20180907_225619 0.2561874 -0.17478207 9.613013
20180907_225620 0.22266756 -0.14126222 9.636956
20180907_225620 0.19154198 -0.14844504 9.636956
20180907_225620 0.23942748 -0.14365649 9.651321
20180907_225620 0.28731298 -0.16041641 9.629773
20180907_225620 0.24421602 -0.16520496 9.636956
20180907_225620 0.2370332 -0.16759923 9.641745
