0	-1.321	-0.057	-0.298
0	-1.248	-0.174	-0.218
0	-1.198	-0.311	-0.15
0	-1.185	-0.425	-0.101
0	-1.21	-0.483	-0.07
0	-1.262	-0.494	-0.05
0	-1.326	-0.501	-0.032
0	-1.385	-0.544	-0.008
0	-1.421	-0.624	0.028
0	-1.424	-0.705	0.077
0	-1.391	-0.741	0.139
0	-1.33	-0.712	0.203
0	-1.259	-0.63	0.253
0	-1.198	-0.537	0.274
0	-1.154	-0.479	0.267
0	-1.122	-0.479	0.245
0	-1.085	-0.527	0.223
0	-1.032	-0.588	0.213
0	-0.961	-0.634	0.219
0	-0.879	-0.653	0.244
0	-0.794	-0.645	0.283
0	-0.722	-0.611	0.329
0	-0.676	-0.549	0.374
0	-0.663	-0.467	0.408
0	-0.675	-0.379	0.426
0	-0.7	-0.304	0.427
0	-0.727	-0.257	0.412
0	-0.755	-0.247	0.377
0	-0.786	-0.282	0.318
0	-0.814	-0.364	0.238
0	-0.825	-0.491	0.15
0	-0.805	-0.644	0.077
0	-0.752	-0.799	0.041
0	-0.679	-0.937	0.054
0	-0.609	-1.051	0.115
0	-0.562	-1.129	0.201
0	-0.544	-1.148	0.273
0	-0.541	-1.093	0.298
0	-0.527	-0.987	0.268
0	-0.474	-0.885	0.196
0	-0.376	-0.834	0.11
0	-0.25	-0.842	0.037
0	-0.127	-0.872	-0.009
0	-0.032	-0.888	-0.019
0	0.029	-0.881	0.009
0	0.069	-0.869	0.073
0	0.103	-0.865	0.16
0	0.133	-0.845	0.237
0	0.147	-0.772	0.269
0	0.13	-0.647	0.239
0	0.088	-0.546	0.166
0	0.049	-0.573	0.085
0	0.044	-0.756	0.027
0	0.09	-1.013	0.001
0	0.185	-1.234	0.004
0	0.309	-1.372	0.028
0	0.428	-1.423	0.056
0	0.508	-1.374	0.073
0	0.533	-1.204	0.068
0	0.517	-0.943	0.044
0	0.492	-0.679	0.013
0	0.485	-0.518	-0.015
0	0.505	-0.503	-0.034
0	0.537	-0.593	-0.055
0	0.559	-0.711	-0.09
0	0.555	-0.834	-0.144
0	0.524	-1.02	-0.212
0	0.475	-1.294	-0.283
0	0.408	-1.537	-0.36
0	0.32	-1.537	-0.444
0	0.216	-1.205	-0.527
0	0.121	-0.714	-0.587
0	0.053	-0.348	-0.611
0	0.006	-0.229	-0.62
0	-0.035	-0.276	-0.65
0	-0.065	-0.398	-0.731
0	-0.065	-0.604	-0.864
0	-0.034	-0.887	-1.038
0	-0.003	-1.152	-1.231
0	-0.004	-1.295	-1.418
0	-0.043	-1.293	-1.578
0	-0.095	-1.192	-1.697
0	-0.134	-1.039	-1.765
0	-0.141	-0.868	-1.786
0	-0.112	-0.71	-1.769
0	-0.053	-0.604	-1.726
0	0.03	-0.589	-1.668
0	0.127	-0.662	-1.61
0	0.225	-0.755	-1.567
0	0.309	-0.777	-1.544
0	0.367	-0.692	-1.538
0	0.392	-0.552	-1.536
0	0.382	-0.442	-1.534
0	0.34	-0.406	-1.535
0	0.27	-0.422	-1.552
0	0.188	-0.442	-1.589
0	0.113	-0.437	-1.638
0	0.056	-0.421	-1.685
0	0.017	-0.417	-1.713
0	-0.012	-0.423	-1.72
0	-0.035	-0.411	-1.711
0	-0.051	-0.353	-1.696
0	-0.056	-0.254	-1.683
0	-0.051	-0.146	-1.681
0	-0.044	-0.065	-1.693
0	-0.036	-0.02	-1.714
0	-0.022	0.007	-1.728
0	0.006	0.04	-1.722
0	0.049	0.082	-1.696
0	0.098	0.121	-1.67
0	0.134	0.146	-1.671
0	0.143	0.159	-1.71
0	0.119	0.166	-1.78
0	0.061	0.168	-1.861
0	-0.024	0.167	-1.936
0	-0.125	0.166	-1.999
0	-0.22	0.167	-2.044
0	-0.289	0.157	-2.064
0	-0.326	0.116	-2.049
0	-0.352	0.042	-2.003
0	-0.395	-0.046	-1.945
0	-0.47	-0.11	-1.9
0	-0.562	-0.123	-1.889
0	-0.637	-0.074	-1.917
0	-0.668	0.023	-1.978
0	-0.651	0.134	-2.06
0	-0.604	0.213	-2.147
0	-0.546	0.218	-2.223
0	-0.486	0.145	-2.27
0	-0.424	0.036	-2.274
0	-0.367	-0.041	-2.227
0	-0.329	-0.042	-2.137
0	-0.33	0.016	-2.016
0	-0.375	0.088	-1.877
0	-0.446	0.144	-1.73
0	-0.515	0.2	-1.585
0	-0.556	0.271	-1.454
0	-0.56	0.336	-1.348
0	-0.536	0.347	-1.274
0	-0.5	0.288	-1.237
0	-0.464	0.2	-1.236
0	-0.436	0.156	-1.26
0	-0.42	0.199	-1.291
0	-0.422	0.309	-1.302
0	-0.443	0.415	-1.272
0	-0.473	0.441	-1.181
0	-0.498	0.365	-1.026
0	-0.516	0.239	-0.822
0	-0.547	0.149	-0.605
0	-0.615	0.15	-0.412
0	-0.73	0.226	-0.268
0	-0.875	0.324	-0.179
0	-1.019	0.396	-0.137
0	-1.131	0.433	-0.125
0	-1.194	0.447	-0.125
0	-1.204	0.45	-0.126
0	-1.169	0.439	-0.121
0	-1.107	0.411	-0.107
0	-1.047	0.378	-0.081
0	-1.027	0.369	-0.04
0	-1.07	0.406	0.014
0	-1.166	0.489	0.079
0	-1.272	0.581	0.149
0	-1.336	0.625	0.216
0	-1.328	0.581	0.267
0	-1.252	0.461	0.29
0	-1.139	0.33	0.281
0	-1.02	0.265	0.244
0	-0.912	0.291	0.198
0	-0.817	0.373	0.167
0	-0.735	0.453	0.166
0	-0.673	0.496	0.193
0	-0.633	0.502	0.229
0	-0.61	0.492	0.253
0	-0.595	0.493	0.251
0	-0.584	0.534	0.22
0	-0.58	0.632	0.166
0	-0.585	0.765	0.1
0	-0.595	0.872	0.035
0	-0.601	0.883	-0.023
0	-0.608	0.78	-0.075
0	-0.622	0.607	-0.117
0	-0.647	0.435	-0.144
0	-0.672	0.311	-0.143
0	-0.677	0.233	-0.108
0	-0.654	0.17	-0.045
0	-0.612	0.112	0.026
0	-0.574	0.08	0.075
0	-0.558	0.109	0.077
0	-0.567	0.199	0.028
0	-0.585	0.307	-0.058
0	-0.594	0.373	-0.154
0	-0.584	0.372	-0.241
0	-0.556	0.324	-0.309
0	-0.517	0.278	-0.359
0	-0.472	0.264	-0.392
0	-0.428	0.281	-0.415
0	-0.394	0.312	-0.43
0	-0.378	0.346	-0.441
0	-0.382	0.387	-0.453
0	-0.397	0.436	-0.46
0	-0.404	0.485	-0.451
0	-0.389	0.52	-0.41
0	-0.354	0.531	-0.334
0	-0.308	0.512	-0.231
0	-0.263	0.459	-0.123
0	-0.227	0.381	-0.041
0	-0.204	0.306	-0.016
0	-0.199	0.272	-0.062
0	-0.21	0.293	-0.171
0	-0.227	0.338	-0.309
0	-0.239	0.35	-0.442
0	-0.247	0.294	-0.547
0	-0.259	0.192	-0.621
0	-0.286	0.11	-0.676
0	-0.332	0.103	-0.724
0	-0.389	0.164	-0.768
0	-0.441	0.237	-0.802
0	-0.472	0.267	-0.82
0	-0.468	0.247	-0.823
0	-0.425	0.214	-0.82
0	-0.348	0.209	-0.817
0	-0.257	0.241	-0.814
0	-0.181	0.286	-0.81
0	-0.146	0.303	-0.81
0	-0.165	0.265	-0.82
0	-0.231	0.173	-0.84
0	-0.326	0.06	-0.862
0	-0.435	-0.032	-0.87
0	-0.548	-0.071	-0.85
0	-0.66	-0.057	-0.794
0	-0.761	-0.013	-0.701
0	-0.84	0.046	-0.585
0	-0.881	0.123	-0.472
0	-0.875	0.235	-0.389
0	-0.817	0.378	-0.353
0	-0.71	0.511	-0.354
0	-0.563	0.573	-0.364
0	-0.397	0.528	-0.352
0	-0.248	0.384	-0.309
0	-0.147	0.196	-0.251
0	-0.109	0.032	-0.209
0	-0.117	-0.057	-0.21
0	-0.131	-0.061	-0.258
0	-0.112	-0.013	-0.339
0	-0.045	0.04	-0.43
0	0.052	0.074	-0.514
0	0.142	0.109	-0.589
0	0.197	0.18	-0.664
0	0.221	0.295	-0.738
0	0.244	0.402	-0.805
0	0.298	0.431	-0.854
0	0.391	0.345	-0.882
0	0.502	0.178	-0.894
0	0.6	0.012	-0.901
0	0.666	-0.058	-0.916
0	0.7	0.015	-0.94
0	0.712	0.201	-0.961
0	0.712	0.406	-0.962
0	0.705	0.542	-0.94
0	0.694	0.581	-0.908
0	0.691	0.549	-0.881
0	0.714	0.495	-0.862
0	0.78	0.448	-0.838
0	0.889	0.405	-0.787
0	1.027	0.355	-0.69
0	1.17	0.3	-0.546
0	1.301	0.264	-0.367
0	1.421	0.274	-0.173
0	1.54	0.328	0.021
0	1.665	0.391	0.207
0	1.791	0.414	0.379
0	1.897	0.365	0.531
0	1.962	0.256	0.657
0	1.972	0.138	0.756
0	1.927	0.072	0.828
0	1.839	0.088	0.874
0	1.726	0.166	0.902
0	1.612	0.242	0.926
0	1.512	0.259	0.967
0	1.435	0.201	1.04
0	1.384	0.108	1.153
0	1.354	0.047	1.294
0	1.343	0.061	1.441
0	1.347	0.145	1.578
0	1.361	0.253	1.696
0	1.371	0.332	1.804
0	1.359	0.347	1.908
0	1.313	0.3	2.006
0	1.23	0.218	2.089
0	1.116	0.136	2.151
0	0.985	0.083	2.193
0	0.851	0.075	2.227
0	0.726	0.107	2.266
0	0.615	0.16	2.315
0	0.518	0.223	2.371
0	0.433	0.307	2.425
0	0.358	0.42	2.477
0	0.296	0.545	2.536
0	0.249	0.631	2.61
0	0.221	0.624	2.695
0	0.212	0.508	2.777
0	0.215	0.315	2.837
0	0.227	0.111	2.865
0	0.242	-0.044	2.865
0	0.258	-0.125	2.851
0	0.268	-0.133	2.84
0	0.267	-0.082	2.838
0	0.252	0.011	2.842
0	0.227	0.12	2.841
0	0.196	0.207	2.823
0	0.159	0.236	2.782
0	0.113	0.196	2.723
0	0.055	0.103	2.662
0	-0.012	-0.009	2.619
0	-0.081	-0.104	2.604
0	-0.142	-0.161	2.609
0	-0.184	-0.166	2.614
0	-0.199	-0.114	2.6
0	-0.191	-0.011	2.563
0	-0.178	0.118	2.511
0	-0.19	0.239	2.457
0	-0.253	0.322	2.405
0	-0.374	0.355	2.348
0	-0.53	0.349	2.282
0	-0.684	0.323	2.212
0	-0.807	0.296	2.151
0	-0.891	0.269	2.113
0	-0.95	0.236	2.101
0	-1.001	0.191	2.108
0	-1.064	0.135	2.114
0	-1.147	0.078	2.102
0	-1.256	0.043	2.061
0	-1.385	0.049	1.997
0	-1.514	0.097	1.924
0	-1.62	0.158	1.862
0	-1.683	0.185	1.823
0	-1.708	0.161	1.814
0	-1.716	0.108	1.833
0	-1.726	0.069	1.873
0	-1.737	0.074	1.924
0	-1.726	0.117	1.985
0	-1.662	0.17	2.058
0	-1.534	0.2	2.145
0	-1.357	0.177	2.236
0	-1.164	0.087	2.311
0	-0.985	-0.054	2.347
0	-0.842	-0.199	2.33
0	-0.747	-0.294	2.266
0	-0.701	-0.308	2.176
0	-0.696	-0.254	2.088
0	-0.713	-0.169	2.018
0	-0.732	-0.087	1.962
0	-0.742	-0.017	1.908
0	-0.744	0.046	1.838
0	-0.736	0.101	1.745
0	-0.716	0.131	1.63
0	-0.677	0.12	1.502
0	-0.628	0.069	1.373
0	-0.583	0	1.248
0	-0.558	-0.052	1.126
0	-0.556	-0.059	1.01
0	-0.565	-0.018	0.909
0	-0.565	0.046	0.837
0	-0.544	0.094	0.806
0	-0.505	0.096	0.819
0	-0.467	0.04	0.868
0	-0.446	-0.06	0.932
0	-0.452	-0.173	0.989
0	-0.485	-0.266	1.018
0	-0.54	-0.32	1.007
0	-0.613	-0.343	0.956
0	-0.693	-0.35	0.871
0	-0.76	-0.337	0.764
0	-0.787	-0.285	0.653
0	-0.755	-0.192	0.556
0	-0.666	-0.1	0.481
0	-0.539	-0.08	0.43
0	-0.405	-0.174	0.396
0	-0.292	-0.351	0.368
0	-0.221	-0.525	0.338
0	-0.194	-0.62	0.309
0	-0.199	-0.62	0.292
0	-0.206	-0.58	0.299
0	-0.189	-0.562	0.336
0	-0.13	-0.589	0.4
0	-0.038	-0.63	0.478
0	0.062	-0.641	0.545
0	0.14	-0.606	0.574
0	0.185	-0.543	0.547
0	0.218	-0.486	0.469
0	0.274	-0.466	0.365
0	0.38	-0.49	0.266
0	0.536	-0.539	0.189
0	0.71	-0.579	0.131
0	0.857	-0.593	0.075
0	0.946	-0.589	0.01
0	0.967	-0.586	-0.066
0	0.934	-0.591	-0.143
0	0.874	-0.589	-0.212
0	0.812	-0.568	-0.267
0	0.767	-0.536	-0.308
0	0.746	-0.521	-0.336
0	0.746	-0.54	-0.353
0	0.761	-0.593	-0.356
0	0.783	-0.672	-0.347
0	0.808	-0.768	-0.329
0	0.833	-0.882	-0.312
0	0.85	-1.014	-0.307
0	0.848	-1.153	-0.32
0	0.816	-1.271	-0.348
0	0.753	-1.332	-0.387
0	0.673	-1.303	-0.428
0	0.601	-1.176	-0.466
0	0.562	-0.974	-0.492
0	0.564	-0.746	-0.505
0	0.594	-0.542	-0.511
0	0.621	-0.399	-0.516
0	0.615	-0.33	-0.52
0	0.562	-0.335	-0.514
0	0.47	-0.396	-0.486
0	0.354	-0.482	-0.424
0	0.232	-0.555	-0.327
0	0.116	-0.601	-0.206
0	0.017	-0.638	-0.081
0	-0.058	-0.689	0.026
0	-0.107	-0.751	0.098
0	-0.139	-0.792	0.124
0	-0.164	-0.784	0.106
0	-0.191	-0.735	0.057
0	-0.216	-0.678	0.001
0	-0.225	-0.644	-0.039
0	-0.205	-0.639	-0.053
0	-0.151	-0.66	-0.043
0	-0.079	-0.707	-0.028
0	-0.016	-0.781	-0.035
0	0.004	-0.858	-0.09
0	-0.038	-0.89	-0.199
0	-0.135	-0.842	-0.343
0	-0.258	-0.729	-0.493
0	-0.367	-0.608	-0.619
0	-0.432	-0.53	-0.709
0	-0.447	-0.504	-0.761
0	-0.422	-0.507	-0.786
0	-0.374	-0.513	-0.796
0	-0.319	-0.509	-0.802
0	-0.266	-0.494	-0.815
0	-0.217	-0.462	-0.841
0	-0.171	-0.406	-0.878
0	-0.123	-0.333	-0.915
0	-0.066	-0.262	-0.942
0	0.004	-0.215	-0.956
0	0.092	-0.206	-0.961
0	0.2	-0.234	-0.966
0	0.324	-0.288	-0.981
0	0.447	-0.349	-1.012
0	0.553	-0.404	-1.06
0	0.628	-0.442	-1.116
0	0.681	-0.464	-1.166
0	0.728	-0.472	-1.2
0	0.789	-0.473	-1.217
0	0.873	-0.47	-1.23
0	0.973	-0.469	-1.252
0	1.076	-0.478	-1.297
0	1.169	-0.502	-1.363
0	1.24	-0.542	-1.439
0	1.285	-0.592	-1.506
0	1.303	-0.636	-1.552
0	1.307	-0.641	-1.57
0	1.316	-0.581	-1.559
0	1.348	-0.463	-1.522
0	1.403	-0.328	-1.465
0	1.467	-0.218	-1.4
0	1.522	-0.139	-1.34
0	1.556	-0.066	-1.296
0	1.567	0.02	-1.277
0	1.56	0.107	-1.282
0	1.535	0.156	-1.302
0	1.49	0.142	-1.319
0	1.432	0.071	-1.32
0	1.38	-0.019	-1.297
0	1.355	-0.084	-1.251
0	1.363	-0.095	-1.191
0	1.385	-0.054	-1.127
0	1.384	0.014	-1.064
0	1.339	0.083	-1.004
0	1.252	0.148	-0.945
0	1.149	0.222	-0.89
0	1.064	0.317	-0.843
0	1.017	0.413	-0.802
0	1.012	0.466	-0.765
0	1.04	0.434	-0.732
0	1.089	0.314	-0.707
0	1.151	0.138	-0.696
0	1.218	-0.041	-0.704
0	1.283	-0.184	-0.728
0	1.341	-0.279	-0.756
0	1.394	-0.33	-0.772
0	1.447	-0.35	-0.761
0	1.503	-0.341	-0.719
0	1.552	-0.291	-0.662
0	1.569	-0.193	-0.615
0	1.535	-0.065	-0.596
0	1.448	0.048	-0.612
0	1.328	0.108	-0.651
0	1.206	0.121	-0.693
0	1.107	0.137	-0.725
0	1.044	0.205	-0.742
0	1.017	0.336	-0.753
0	1.021	0.492	-0.766
0	1.049	0.618	-0.787
0	1.092	0.678	-0.815
0	1.144	0.674	-0.844
0	1.2	0.638	-0.869
0	1.256	0.602	-0.881
0	1.307	0.584	-0.872
0	1.346	0.584	-0.835
0	1.361	0.583	-0.765
0	1.346	0.558	-0.675
0	1.304	0.5	-0.585
0	1.244	0.43	-0.522
0	1.183	0.388	-0.502
0	1.128	0.397	-0.523
0	1.081	0.438	-0.572
0	1.036	0.473	-0.635
0	0.99	0.477	-0.698
0	0.948	0.454	-0.75
0	0.921	0.423	-0.78
0	0.919	0.39	-0.782
0	0.94	0.342	-0.757
0	0.972	0.265	-0.719
0	1.003	0.168	-0.686
0	1.023	0.085	-0.673
0	1.026	0.054	-0.679
0	1.011	0.093	-0.691
0	0.977	0.182	-0.698
0	0.928	0.284	-0.695
0	0.87	0.369	-0.687
0	0.811	0.435	-0.682
0	0.757	0.496	-0.69
0	0.704	0.562	-0.716
0	0.651	0.622	-0.759
0	0.604	0.656	-0.808
0	0.573	0.659	-0.85
0	0.565	0.638	-0.881
0	0.568	0.607	-0.898
0	0.557	0.574	-0.905
0	0.508	0.552	-0.913
0	0.416	0.553	-0.935
0	0.301	0.578	-0.977
0	0.196	0.606	-1.033
0	0.122	0.615	-1.081
0	0.084	0.6	-1.102
0	0.073	0.566	-1.084
0	0.078	0.513	-1.036
0	0.097	0.438	-0.979
0	0.125	0.351	-0.942
0	0.15	0.287	-0.945
0	0.153	0.281	-0.991
0	0.12	0.338	-1.068
0	0.055	0.421	-1.156
0	-0.029	0.485	-1.234
0	-0.12	0.508	-1.288
0	-0.213	0.504	-1.31
0	-0.305	0.502	-1.298
0	-0.397	0.525	-1.257
0	-0.488	0.585	-1.201
0	-0.58	0.68	-1.148
0	-0.672	0.794	-1.113
0	-0.752	0.888	-1.101
0	-0.802	0.918	-1.108
0	-0.808	0.869	-1.126
0	-0.775	0.769	-1.15
0	-0.726	0.667	-1.168
0	-0.684	0.603	-1.168
0	-0.659	0.586	-1.141
0	-0.645	0.603	-1.085
0	-0.628	0.627	-1.005
0	-0.604	0.626	-0.911
0	-0.58	0.584	-0.815
0	-0.565	0.506	-0.727
0	-0.566	0.411	-0.654
0	-0.588	0.317	-0.597
0	-0.638	0.244	-0.563
0	-0.727	0.203	-0.555
0	-0.851	0.2	-0.573
0	-0.987	0.219	-0.601
0	-1.098	0.239	-0.616
0	-1.152	0.245	-0.603
0	-1.145	0.244	-0.557
0	-1.094	0.244	-0.482
0	-1.031	0.238	-0.389
0	-0.978	0.209	-0.289
0	-0.942	0.153	-0.196
0	-0.922	0.086	-0.124
0	-0.916	0.035	-0.084
0	-0.917	0.001	-0.075
0	-0.919	-0.042	-0.079
0	-0.914	-0.119	-0.08
0	-0.9	-0.228	-0.067
0	-0.882	-0.329	-0.045
0	-0.867	-0.379	-0.02
0	-0.854	-0.356	0.003
0	-0.836	-0.27	0.021
0	-0.806	-0.149	0.026
0	-0.76	-0.038	0.009
0	-0.701	0.023	-0.03
0	-0.633	0.017	-0.079
0	-0.557	-0.033	-0.115
0	-0.469	-0.075	-0.115
0	-0.371	-0.066	-0.07
0	-0.276	-0.005	0.013
0	-0.202	0.059	0.11
0	-0.16	0.071	0.195
0	-0.14	0.012	0.247
0	-0.12	-0.085	0.256
0	-0.077	-0.161	0.224
0	-0.007	-0.171	0.163
0	0.07	-0.115	0.093
0	0.123	-0.036	0.032
0	0.127	0.012	-0.008
0	0.083	-0.005	-0.025
0	0.005	-0.076	-0.019
0	-0.081	-0.17	0.006
0	-0.156	-0.262	0.051
0	-0.212	-0.348	0.115
0	-0.249	-0.426	0.193
0	-0.274	-0.488	0.272
0	-0.296	-0.521	0.338
0	-0.323	-0.523	0.385
0	-0.359	-0.501	0.421
0	-0.405	-0.465	0.462
0	-0.451	-0.424	0.522
0	-0.488	-0.395	0.606
0	-0.51	-0.383	0.711
0	-0.523	-0.381	0.826
0	-0.535	-0.367	0.936
0	-0.552	-0.331	1.03
0	-0.575	-0.289	1.103
0	-0.611	-0.272	1.16
0	-0.67	-0.294	1.202
0	-0.759	-0.34	1.23
0	-0.877	-0.392	1.24
0	-1.005	-0.447	1.23
0	-1.123	-0.524	1.205
0	-1.224	-0.633	1.175
0	-1.31	-0.765	1.145
0	-1.395	-0.882	1.113
0	-1.488	-0.948	1.07
0	-1.586	-0.938	1.002
0	-1.682	-0.851	0.904
0	-1.762	-0.714	0.783
0	-1.815	-0.573	0.655
0	-1.835	-0.474	0.546
0	-1.825	-0.444	0.471
0	-1.792	-0.478	0.431
0	-1.752	-0.545	0.413
0	-1.722	-0.611	0.399
0	-1.718	-0.668	0.38
0	-1.747	-0.728	0.356
0	-1.805	-0.803	0.334
0	-1.876	-0.873	0.32
0	-1.942	-0.894	0.312
0	-1.988	-0.841	0.305
0	-2.005	-0.731	0.292
0	-1.987	-0.615	0.278
0	-1.935	-0.532	0.273
0	-1.863	-0.488	0.288
0	-1.795	-0.47	0.32
0	-1.75	-0.475	0.36
0	-1.733	-0.516	0.395
0	-1.729	-0.595	0.42
0	-1.72	-0.677	0.435
0	-1.692	-0.709	0.445
0	-1.642	-0.662	0.454
0	-1.579	-0.554	0.465
0	-1.51	-0.43	0.475
0	-1.441	-0.318	0.486
0	-1.375	-0.228	0.504
0	-1.317	-0.158	0.533
0	-1.273	-0.114	0.571
0	-1.25	-0.093	0.605
0	-1.244	-0.081	0.618
0	-1.239	-0.065	0.603
0	-1.214	-0.051	0.564
0	-1.152	-0.06	0.518
0	-1.047	-0.103	0.479
0	-0.909	-0.168	0.453
0	-0.76	-0.231	0.443
0	-0.625	-0.275	0.451
0	-0.525	-0.301	0.482
0	-0.469	-0.317	0.53
0	-0.455	-0.336	0.578
0	-0.468	-0.368	0.613
0	-0.482	-0.417	0.629
0	-0.475	-0.482	0.632
0	-0.44	-0.554	0.635
0	-0.389	-0.62	0.644
0	-0.345	-0.673	0.661
0	-0.324	-0.702	0.682
0	-0.332	-0.697	0.699
0	-0.359	-0.656	0.709
0	-0.387	-0.588	0.71
0	-0.395	-0.513	0.697
0	-0.366	-0.45	0.664
0	-0.289	-0.404	0.612
0	-0.168	-0.371	0.548
0	-0.015	-0.331	0.479
0	0.148	-0.268	0.409
0	0.306	-0.185	0.336
0	0.454	-0.117	0.263
0	0.595	-0.107	0.195
0	0.733	-0.167	0.134
0	0.861	-0.257	0.082
0	0.97	-0.32	0.041
0	1.061	-0.331	0.022
0	1.145	-0.323	0.033
0	1.238	-0.357	0.079
0	1.348	-0.458	0.15
0	1.464	-0.591	0.222
0	1.567	-0.693	0.269
0	1.642	-0.731	0.277
0	1.685	-0.719	0.249
0	1.707	-0.688	0.203
0	1.72	-0.655	0.157
0	1.736	-0.616	0.129
0	1.766	-0.571	0.129
0	1.814	-0.528	0.159
0	1.876	-0.493	0.215
0	1.942	-0.467	0.287
0	2.001	-0.444	0.365
0	2.044	-0.416	0.44
0	2.065	-0.365	0.5
0	2.065	-0.274	0.535
0	2.05	-0.133	0.542
0	2.032	0.036	0.521
0	2.021	0.186	0.481
0	2.024	0.268	0.433
0	2.035	0.27	0.387
0	2.046	0.229	0.341
0	2.047	0.205	0.291
0	2.032	0.244	0.237
0	2.005	0.349	0.185
0	1.97	0.487	0.145
0	1.938	0.605	0.124
0	1.915	0.666	0.121
0	1.904	0.662	0.129
0	1.903	0.611	0.145
0	1.904	0.539	0.163
0	1.892	0.467	0.186
0	1.854	0.4	0.215
0	1.783	0.337	0.246
0	1.686	0.283	0.267
0	1.587	0.253	0.262
0	1.51	0.269	0.218
0	1.47	0.344	0.131
0	1.471	0.462	0.013
0	1.506	0.586	-0.113
0	1.562	0.67	-0.221
0	1.621	0.696	-0.295
0	1.667	0.682	-0.335
0	1.689	0.662	-0.346
0	1.682	0.661	-0.335
0	1.648	0.674	-0.306
0	1.591	0.681	-0.272
0	1.512	0.67	-0.256
0	1.413	0.643	-0.283
0	1.297	0.613	-0.371
0	1.182	0.594	-0.52
0	1.089	0.599	-0.702
0	1.037	0.639	-0.883
0	1.027	0.711	-1.032
0	1.039	0.794	-1.136
0	1.046	0.853	-1.195
0	1.028	0.86	-1.217
0	0.984	0.813	-1.212
0	0.92	0.735	-1.193
0	0.842	0.664	-1.174
0	0.749	0.626	-1.165
0	0.647	0.639	-1.172
0	0.545	0.713	-1.196
0	0.458	0.853	-1.231
0	0.393	1.038	-1.267
0	0.343	1.213	-1.292
0	0.29	1.313	-1.308
0	0.221	1.293	-1.324
0	0.132	1.157	-1.351
0	0.027	0.961	-1.402
0	-0.087	0.784	-1.478
0	-0.203	0.69	-1.573
0	-0.311	0.697	-1.669
0	-0.398	0.776	-1.742
0	-0.457	0.88	-1.77
0	-0.492	0.968	-1.743
0	-0.513	1.022	-1.669
0	-0.536	1.042	-1.57
0	-0.568	1.04	-1.473
0	-0.609	1.031	-1.394
0	-0.656	1.024	-1.332
0	-0.71	1.027	-1.28
0	-0.778	1.049	-1.232
0	-0.868	1.102	-1.189
0	-0.976	1.184	-1.149
0	-1.096	1.286	-1.109
0	-1.214	1.386	-1.062
0	-1.327	1.461	-1.003
0	-1.431	1.49	-0.938
0	-1.524	1.458	-0.876
0	-1.602	1.362	-0.829
0	-1.661	1.214	-0.802
0	-1.703	1.052	-0.797
0	-1.727	0.928	-0.813
0	-1.736	0.881	-0.843
0	-1.728	0.916	-0.874
0	-1.705	0.998	-0.89
0	-1.671	1.075	-0.881
0	-1.63	1.107	-0.847
0	-1.585	1.074	-0.794
0	-1.534	0.98	-0.728
0	-1.482	0.841	-0.656
0	-1.441	0.686	-0.582
0	-1.426	0.556	-0.512
0	-1.446	0.491	-0.449
0	-1.497	0.513	-0.393
0	-1.569	0.606	-0.346
0	-1.65	0.718	-0.303
0	-1.734	0.791	-0.266
0	-1.814	0.796	-0.239
0	-1.882	0.752	-0.231
0	-1.921	0.697	-0.247
0	-1.92	0.668	-0.287
0	-1.878	0.683	-0.349
0	-1.807	0.737	-0.424
0	-1.73	0.8	-0.496
0	-1.668	0.841	-0.544
0	-1.628	0.848	-0.558
0	-1.611	0.847	-0.543
0	-1.61	0.871	-0.517
0	-1.617	0.936	-0.493
0	-1.628	1.023	-0.475
0	-1.632	1.094	-0.455
0	-1.623	1.112	-0.425
0	-1.597	1.06	-0.388
0	-1.562	0.949	-0.354
0	-1.527	0.812	-0.337
0	-1.5	0.682	-0.34
0	-1.479	0.577	-0.355
0	-1.462	0.497	-0.364
0	-1.445	0.435	-0.356
0	-1.422	0.384	-0.332
0	-1.394	0.344	-0.298
0	-1.362	0.321	-0.265
0	-1.338	0.319	-0.238
0	-1.333	0.331	-0.214
0	-1.354	0.342	-0.191
0	-1.394	0.334	-0.167
0	-1.424	0.299	-0.14
0	-1.408	0.245	-0.102
0	-1.317	0.191	-0.046
0	-1.153	0.158	0.029
0	-0.949	0.16	0.108
0	-0.752	0.194	0.171
0	-0.597	0.236	0.206
0	-0.492	0.264	0.212
0	-0.425	0.28	0.195
0	-0.379	0.299	0.167
0	-0.345	0.336	0.137
0	-0.325	0.384	0.113
0	-0.318	0.431	0.099
0	-0.318	0.469	0.09
0	-0.31	0.506	0.081
0	-0.285	0.55	0.066
0	-0.241	0.592	0.046
0	-0.181	0.604	0.033
0	-0.113	0.562	0.04
0	-0.046	0.467	0.076
0	0.01	0.34	0.138
0	0.052	0.209	0.214
0	0.078	0.101	0.286
0	0.09	0.032	0.334
0	0.088	0.013	0.349
0	0.076	0.049	0.335
0	0.059	0.134	0.309
0	0.047	0.254	0.287
0	0.045	0.389	0.278
0	0.051	0.524	0.284
0	0.063	0.648	0.301
0	0.078	0.742	0.327
0	0.098	0.771	0.357
0	0.119	0.683	0.387
0	0.134	0.462	0.412
0	0.132	0.167	0.428
0	0.108	-0.094	0.43
0	0.065	-0.23	0.423
0	0.011	-0.227	0.414
0	-0.04	-0.143	0.421
0	-0.073	-0.058	0.455
0	-0.071	-0.026	0.521
0	-0.028	-0.06	0.612
0	0.046	-0.148	0.716
0	0.122	-0.264	0.816
0	0.173	-0.375	0.899
0	0.187	-0.445	0.959
0	0.174	-0.455	1.002
0	0.157	-0.419	1.036
0	0.159	-0.38	1.063
0	0.187	-0.369	1.074
0	0.237	-0.381	1.055
0	0.295	-0.396	1.001
0	0.356	-0.408	0.928
0	0.415	-0.412	0.865
0	0.47	-0.382	0.842
0	0.526	-0.306	0.88
0	0.596	-0.218	0.985
0	0.699	-0.186	1.148
0	0.838	-0.25	1.343
0	0.99	-0.387	1.537
0	1.121	-0.532	1.701
0	1.202	-0.628	1.813
0	1.226	-0.653	1.867
0	1.208	-0.614	1.868
0	1.173	-0.528	1.834
0	1.14	-0.408	1.783
0	1.119	-0.28	1.729
0	1.117	-0.193	1.683
0	1.131	-0.206	1.646
0	1.157	-0.335	1.62
0	1.187	-0.533	1.606
0	1.218	-0.718	1.603
0	1.247	-0.823	1.612
0	1.27	-0.836	1.633
0	1.281	-0.782	1.669
0	1.273	-0.696	1.722
0	1.247	-0.597	1.789
0	1.218	-0.501	1.86
0	1.206	-0.426	1.928
0	1.227	-0.392	1.983
0	1.284	-0.4	2.028
0	1.36	-0.437	2.067
0	1.434	-0.494	2.109
0	1.486	-0.574	2.153
0	1.5	-0.679	2.194
0	1.47	-0.785	2.227
0	1.396	-0.849	2.25
0	1.29	-0.845	2.266
0	1.171	-0.778	2.285
0	1.06	-0.69	2.311
0	0.964	-0.628	2.339
0	0.877	-0.619	2.36
0	0.795	-0.657	2.368
0	0.716	-0.714	2.361
0	0.641	-0.756	2.347
0	0.571	-0.77	2.336
0	0.506	-0.77	2.334
0	0.445	-0.787	2.337
0	0.389	-0.834	2.335
0	0.348	-0.892	2.317
0	0.336	-0.922	2.282
0	0.362	-0.898	2.237
0	0.422	-0.828	2.194
0	0.495	-0.74	2.163
0	0.55	-0.663	2.144
0	0.56	-0.603	2.131
0	0.515	-0.551	2.107
0	0.427	-0.501	2.055
0	0.32	-0.466	1.968
0	0.217	-0.461	1.85
0	0.133	-0.487	1.715
0	0.069	-0.522	1.573
0	0.023	-0.531	1.423
0	-0.012	-0.497	1.259
0	-0.038	-0.433	1.081
0	-0.053	-0.378	0.904
0	-0.051	-0.375	0.751
0	-0.029	-0.437	0.643
0	-0.001	-0.546	0.584
0	0.012	-0.665	0.566
0	-0.007	-0.769	0.57
0	-0.054	-0.841	0.579
0	-0.103	-0.874	0.579
0	-0.128	-0.867	0.559
0	-0.117	-0.834	0.515
0	-0.082	-0.795	0.45
0	-0.044	-0.769	0.371
0	-0.024	-0.749	0.283
0	-0.027	-0.709	0.19
0	-0.051	-0.631	0.093
0	-0.084	-0.516	0.004
0	-0.12	-0.392	-0.067
0	-0.155	-0.295	-0.11
0	-0.19	-0.247	-0.128
0	-0.231	-0.249	-0.13
0	-0.276	-0.285	-0.125
0	-0.319	-0.325	-0.111
0	-0.349	-0.344	-0.087
0	-0.359	-0.336	-0.056
0	-0.35	-0.32	-0.028
0	-0.333	-0.327	-0.017
0	-0.318	-0.374	-0.033
0	-0.306	-0.449	-0.078
0	-0.295	-0.525	-0.147
0	-0.28	-0.577	-0.227
0	-0.265	-0.603	-0.302
0	-0.261	-0.615	-0.358
0	-0.28	-0.626	-0.388
0	-0.322	-0.645	-0.39
0	-0.377	-0.67	-0.374
0	-0.429	-0.692	-0.35
0	-0.472	-0.698	-0.331
0	-0.503	-0.681	-0.323
0	-0.521	-0.642	-0.326
0	-0.525	-0.59	-0.335
0	-0.509	-0.537	-0.344
0	-0.474	-0.493	-0.349
0	-0.429	-0.458	-0.35
0	-0.385	-0.425	-0.351
0	-0.351	-0.395	-0.353
0	-0.327	-0.369	-0.358
0	-0.308	-0.352	-0.362
0	-0.292	-0.343	-0.36
0	-0.28	-0.339	-0.351
0	-0.277	-0.337	-0.339
0	-0.282	-0.34	-0.334
0	-0.288	-0.357	-0.345
0	-0.286	-0.4	-0.373
0	-0.271	-0.466	-0.412
0	-0.245	-0.532	-0.451
0	-0.211	-0.561	-0.482
0	-0.163	-0.529	-0.499
0	-0.089	-0.442	-0.504
0	0.011	-0.327	-0.5
0	0.116	-0.207	-0.491
0	0.192	-0.093	-0.48
0	0.213	0.005	-0.47
0	0.188	0.062	-0.458
0	0.145	0.052	-0.442
0	0.118	-0.026	-0.425
0	0.119	-0.144	-0.409
0	0.139	-0.262	-0.393
0	0.153	-0.341	-0.375
0	0.141	-0.349	-0.359
0	0.099	-0.277	-0.348
0	0.035	-0.152	-0.346
0	-0.037	-0.03	-0.349
0	-0.107	0.04	-0.346
0	-0.166	0.045	-0.319
0	-0.209	0.01	-0.26
0	-0.231	-0.019	-0.174
0	-0.232	-0.011	-0.078
0	-0.215	0.03	0.014
0	-0.189	0.075	0.095
0	-0.161	0.098	0.168
0	-0.138	0.092	0.234
0	-0.117	0.068	0.29
0	-0.091	0.038	0.324
0	-0.045	0.011	0.324
0	0.033	-0.015	0.281
0	0.151	-0.045	0.202
0	0.304	-0.081	0.105
0	0.478	-0.116	0.018
0	0.655	-0.134	-0.031
0	0.822	-0.124	-0.028
0	0.972	-0.085	0.021
0	1.098	-0.023	0.092
0	1.191	0.047	0.152
0	1.244	0.101	0.181
0	1.255	0.109	0.171
0	1.229	0.055	0.131
0	1.181	-0.051	0.072
0	1.13	-0.171	0.006
0	1.099	-0.254	-0.063
0	1.105	-0.261	-0.131
0	1.148	-0.188	-0.199
0	1.216	-0.066	-0.266
0	1.288	0.054	-0.338
0	1.345	0.134	-0.416
0	1.381	0.168	-0.498
0	1.395	0.177	-0.578
0	1.388	0.179	-0.647
0	1.36	0.181	-0.703
0	1.316	0.175	-0.746
0	1.26	0.16	-0.776
0	1.205	0.152	-0.794
0	1.159	0.176	-0.803
0	1.127	0.246	-0.811
0	1.103	0.356	-0.822
0	1.077	0.475	-0.842
0	1.045	0.564	-0.876
0	1.013	0.604	-0.931
0	0.994	0.602	-1.011
0	1.003	0.578	-1.116
0	1.041	0.547	-1.237
0	1.09	0.508	-1.36
0	1.12	0.457	-1.474
0	1.106	0.398	-1.571
0	1.044	0.344	-1.65
0	0.957	0.314	-1.715
0	0.878	0.317	-1.767
0	0.842	0.352	-1.809
0	0.868	0.401	-1.843
0	0.953	0.438	-1.874
0	1.077	0.437	-1.909
0	1.203	0.392	-1.961
0	1.296	0.327	-2.041
0	1.337	0.285	-2.154
0	1.337	0.296	-2.287
0	1.322	0.35	-2.411
0	1.319	0.401	-2.5
0	1.336	0.409	-2.541
0	1.361	0.367	-2.544
0	1.377	0.296	-2.524
0	1.379	0.224	-2.49
0	1.372	0.166	-2.441
0	1.369	0.122	-2.372
0	1.376	0.086	-2.287
0	1.393	0.044	-2.195
0	1.414	-0.015	-2.11
0	1.425	-0.091	-2.04
0	1.407	-0.159	-1.986
0	1.342	-0.18	-1.946
0	1.227	-0.13	-1.912
0	1.077	-0.035	-1.872
0	0.919	0.05	-1.813
0	0.771	0.095	-1.732
0	0.639	0.117	-1.635
0	0.532	0.151	-1.531
0	0.461	0.21	-1.421
0	0.435	0.276	-1.301
0	0.447	0.33	-1.169
0	0.473	0.357	-1.027
0	0.492	0.34	-0.885
0	0.493	0.265	-0.756
0	0.48	0.135	-0.649
0	0.453	-0.017	-0.561
0	0.406	-0.137	-0.485
0	0.328	-0.186	-0.415
0	0.218	-0.157	-0.352
0	0.094	-0.083	-0.3
0	-0.023	-0.013	-0.257
0	-0.115	0.016	-0.219
0	-0.178	-0.008	-0.177
0	-0.221	-0.063	-0.125
0	-0.261	-0.1	-0.065
0	-0.313	-0.073	-0.008
0	-0.382	0.026	0.04
0	-0.459	0.156	0.08
0	-0.53	0.262	0.116
0	-0.586	0.309	0.153
0	-0.621	0.287	0.19
0	-0.639	0.202	0.224
0	-0.646	0.074	0.253
0	-0.653	-0.045	0.27
0	-0.671	-0.093	0.274
0	-0.698	-0.043	0.269
0	-0.722	0.076	0.262
0	-0.732	0.191	0.267
0	-0.718	0.244	0.297
0	-0.686	0.22	0.362
0	-0.653	0.146	0.46
0	-0.638	0.069	0.581
0	-0.655	0.031	0.703
0	-0.704	0.046	0.806
0	-0.767	0.088	0.877
0	-0.819	0.11	0.912
0	-0.843	0.069	0.91
0	-0.837	-0.036	0.874
0	-0.813	-0.161	0.808
0	-0.791	-0.253	0.727
0	-0.787	-0.288	0.654
0	-0.809	-0.288	0.619
0	-0.855	-0.292	0.636
0	-0.918	-0.32	0.703
0	-0.982	-0.364	0.804
0	-1.031	-0.404	0.92
0	-1.054	-0.428	1.034
0	-1.052	-0.429	1.136
0	-1.037	-0.4	1.215
0	-1.026	-0.334	1.269
0	-1.03	-0.229	1.302
0	-1.053	-0.095	1.318
0	-1.085	0.053	1.323
0	-1.113	0.191	1.324
0	-1.125	0.279	1.33
0	-1.121	0.283	1.344
0	-1.112	0.203	1.359
0	-1.115	0.086	1.359
0	-1.154	0	1.322
0	-1.246	-0.016	1.238
0	-1.386	0.021	1.114
0	-1.55	0.054	0.968
0	-1.698	0.034	0.819
0	-1.802	-0.048	0.682
0	-1.854	-0.158	0.563
0	-1.868	-0.25	0.459
0	-1.865	-0.288	0.365
0	-1.858	-0.261	0.276
0	-1.855	-0.175	0.19
0	-1.857	-0.056	0.109
0	-1.865	0.062	0.035
0	-1.872	0.141	-0.035
0	-1.866	0.156	-0.098
0	-1.832	0.106	-0.149
0	-1.763	0.009	-0.184
0	-1.67	-0.105	-0.209
0	-1.579	-0.218	-0.236
0	-1.519	-0.317	-0.284
0	-1.503	-0.389	-0.364
0	-1.525	-0.411	-0.478
0	-1.56	-0.365	-0.612
0	-1.579	-0.267	-0.739
0	-1.565	-0.161	-0.831
0	-1.522	-0.099	-0.869
0	-1.469	-0.107	-0.856
0	-1.42	-0.174	-0.807
0	-1.379	-0.269	-0.748
0	-1.344	-0.366	-0.7
0	-1.312	-0.455	-0.678
0	-1.283	-0.54	-0.685
0	-1.259	-0.619	-0.715
0	-1.246	-0.679	-0.764
0	-1.248	-0.705	-0.825
0	-1.268	-0.688	-0.89
0	-1.305	-0.63	-0.951
0	-1.354	-0.557	-0.999
0	-1.409	-0.508	-1.021
0	-1.458	-0.522	-1.009
0	-1.49	-0.603	-0.958
0	-1.502	-0.709	-0.875
0	-1.496	-0.776	-0.776
0	-1.479	-0.763	-0.682
0	-1.457	-0.677	-0.615
0	-1.423	-0.569	-0.586
0	-1.367	-0.487	-0.599
0	-1.285	-0.447	-0.646
0	-1.181	-0.433	-0.709
0	-1.073	-0.419	-0.77
0	-0.982	-0.394	-0.815
0	-0.924	-0.368	-0.843
0	-0.91	-0.349	-0.865
0	-0.94	-0.334	-0.899
0	-1.001	-0.31	-0.949
0	-1.07	-0.274	-1.008
0	-1.122	-0.246	-1.06
0	-1.148	-0.254	-1.096
0	-1.157	-0.31	-1.114
0	-1.165	-0.405	-1.117
0	-1.179	-0.514	-1.113
0	-1.196	-0.597	-1.109
0	-1.212	-0.603	-1.113
0	-1.224	-0.511	-1.119
0	-1.23	-0.364	-1.115
0	-1.23	-0.259	-1.083
0	-1.226	-0.272	-1.016
0	-1.228	-0.394	-0.922
0	-1.246	-0.528	-0.82
0	-1.278	-0.566	-0.73
0	-1.306	-0.449	-0.666
0	-1.31	-0.195	-0.629
0	-1.272	0.113	-0.608
0	-1.186	0.365	-0.587
0	-1.056	0.473	-0.55
0	-0.898	0.423	-0.489
0	-0.741	0.285	-0.404
0	-0.617	0.16	-0.303
0	-0.545	0.113	-0.199
0	-0.526	0.133	-0.104
0	-0.542	0.171	-0.022
0	-0.568	0.187	0.044
0	-0.585	0.177	0.095
0	-0.583	0.147	0.132
0	-0.561	0.095	0.16
0	-0.527	0.007	0.185
0	-0.49	-0.113	0.216
0	-0.464	-0.235	0.261
0	-0.455	-0.312	0.324
0	-0.461	-0.318	0.402
0	-0.477	-0.262	0.482
0	-0.495	-0.183	0.552
0	-0.51	-0.126	0.602
0	-0.521	-0.119	0.632
0	-0.526	-0.151	0.654
0	-0.522	-0.177	0.677
0	-0.505	-0.154	0.706
0	-0.469	-0.085	0.732
0	-0.414	-0.023	0.746
0	-0.346	-0.033	0.749
0	-0.284	-0.129	0.75
0	-0.244	-0.26	0.755
0	-0.234	-0.339	0.769
0	-0.24	-0.3	0.789
0	-0.237	-0.131	0.811
0	-0.195	0.117	0.833
0	-0.101	0.36	0.856
0	0.036	0.524	0.883
0	0.188	0.574	0.91
0	0.318	0.528	0.922
0	0.396	0.436	0.908
0	0.416	0.349	0.869
0	0.389	0.298	0.821
0	0.335	0.29	0.784
0	0.274	0.317	0.767
0	0.222	0.359	0.765
0	0.189	0.386	0.765
0	0.185	0.372	0.754
0	0.216	0.307	0.725
0	0.278	0.214	0.682
0	0.36	0.135	0.636
0	0.445	0.092	0.595
0	0.519	0.076	0.563
0	0.574	0.062	0.543
0	0.613	0.043	0.536
0	0.645	0.028	0.542
0	0.677	0.031	0.557
0	0.709	0.056	0.572
0	0.737	0.102	0.574
0	0.758	0.169	0.554
0	0.775	0.26	0.517
0	0.794	0.358	0.474
0	0.824	0.424	0.434
0	0.863	0.414	0.397
0	0.906	0.315	0.353
0	0.943	0.165	0.303
0	0.967	0.031	0.258
0	0.977	-0.028	0.229
0	0.973	0.008	0.218
0	0.962	0.12	0.217
0	0.955	0.263	0.21
0	0.96	0.397	0.188
0	0.979	0.496	0.148
0	0.999	0.555	0.097
0	1.001	0.582	0.045
0	0.972	0.584	-0.008
0	0.916	0.571	-0.059
0	0.855	0.545	-0.103
0	0.809	0.504	-0.129
0	0.79	0.444	-0.128
0	0.801	0.358	-0.091
0	0.835	0.249	-0.021
0	0.892	0.131	0.075
0	0.97	0.028	0.185
0	1.067	-0.036	0.296
0	1.173	-0.058	0.403
0	1.273	-0.055	0.507
0	1.356	-0.044	0.603
0	1.424	-0.035	0.687
0	1.489	-0.021	0.757
0	1.565	-0.001	0.813
0	1.653	0.021	0.854
0	1.745	0.039	0.875
0	1.825	0.048	0.879
0	1.885	0.047	0.869
0	1.926	0.035	0.851
0	1.952	0.002	0.824
0	1.966	-0.065	0.783
0	1.969	-0.177	0.723
0	1.968	-0.32	0.645
0	1.968	-0.464	0.56
0	1.972	-0.564	0.491
0	1.976	-0.592	0.454
0	1.976	-0.544	0.448
0	1.974	-0.447	0.462
0	1.98	-0.331	0.487
0	2.002	-0.211	0.516
0	2.037	-0.087	0.552
0	2.072	0.04	0.593
0	2.09	0.152	0.631
0	2.087	0.228	0.659
0	2.07	0.261	0.67
0	2.053	0.273	0.666
0	2.039	0.287	0.655
0	2.022	0.308	0.642
0	2.003	0.32	0.63
0	1.995	0.308	0.617
0	2.017	0.273	0.605
0	2.079	0.229	0.597
0	2.167	0.185	0.593
0	2.251	0.143	0.586
0	2.298	0.106	0.571
0	2.294	0.086	0.549
0	2.252	0.093	0.527
0	2.199	0.122	0.514
0	2.158	0.155	0.514
0	2.138	0.175	0.522
0	2.129	0.181	0.526
0	2.123	0.188	0.518
0	2.116	0.207	0.496
0	2.115	0.239	0.465
0	2.126	0.279	0.43
0	2.147	0.321	0.391
0	2.167	0.363	0.348
0	2.169	0.392	0.303
0	2.14	0.393	0.257
0	2.075	0.361	0.214
0	1.984	0.317	0.176
0	1.886	0.293	0.141
0	1.803	0.307	0.108
0	1.742	0.346	0.075
0	1.691	0.38	0.044
0	1.63	0.387	0.016
0	1.549	0.371	-0.007
0	1.452	0.354	-0.024
0	1.352	0.355	-0.027
0	1.264	0.37	-0.004
0	1.194	0.385	0.055
0	1.142	0.39	0.15
0	1.106	0.386	0.272
0	1.084	0.384	0.4
0	1.07	0.388	0.507
0	1.058	0.391	0.57
0	1.041	0.38	0.581
0	1.012	0.351	0.55
0	0.969	0.312	0.501
0	0.903	0.292	0.454
0	0.805	0.322	0.416
0	0.664	0.417	0.383
0	0.49	0.551	0.347
0	0.311	0.669	0.309
0	0.171	0.729	0.284
0	0.098	0.719	0.279
0	0.092	0.658	0.29
0	0.124	0.563	0.299
0	0.16	0.434	0.293
0	0.173	0.267	0.271
0	0.152	0.084	0.237
0	0.091	-0.056	0.199
0	-0.011	-0.09	0.16
0	-0.143	-0.011	0.126
0	-0.282	0.122	0.107
0	-0.402	0.221	0.115
0	-0.486	0.236	0.159
0	-0.536	0.181	0.235
0	-0.569	0.11	0.322
0	-0.611	0.086	0.397
0	-0.684	0.145	0.447
0	-0.794	0.274	0.477
0	-0.926	0.416	0.499
0	-1.058	0.502	0.524
0	-1.167	0.49	0.559
0	-1.244	0.377	0.605
0	-1.29	0.201	0.659
0	-1.315	0.031	0.715
0	-1.332	-0.066	0.768
0	-1.35	-0.061	0.809
0	-1.374	0.031	0.835
0	-1.401	0.161	0.845
0	-1.425	0.284	0.841
0	-1.441	0.365	0.825
0	-1.45	0.384	0.796
0	-1.452	0.338	0.752
0	-1.446	0.238	0.692
0	-1.429	0.12	0.621
0	-1.403	0.027	0.544
0	-1.373	-0.008	0.47
0	-1.344	0.008	0.411
0	-1.319	0.035	0.376
0	-1.303	0.034	0.365
0	-1.299	-0.006	0.372
0	-1.306	-0.06	0.386
0	-1.318	-0.097	0.399
0	-1.324	-0.107	0.404
0	-1.318	-0.108	0.398
0	-1.305	-0.134	0.378
0	-1.295	-0.195	0.341
0	-1.295	-0.267	0.287
0	-1.301	-0.309	0.218
0	-1.306	-0.301	0.144
0	-1.302	-0.262	0.081
0	-1.287	-0.223	0.04
0	-1.272	-0.201	0.027
0	-1.268	-0.19	0.037
0	-1.283	-0.173	0.055
0	-1.321	-0.135	0.067
0	-1.373	-0.067	0.065
0	-1.423	0.01	0.057
0	-1.453	0.05	0.057
0	-1.45	0.014	0.076
0	-1.42	-0.099	0.121
0	-1.375	-0.244	0.189
0	-1.332	-0.359	0.275
0	-1.299	-0.409	0.371
0	-1.27	-0.409	0.469
0	-1.233	-0.392	0.567
0	-1.17	-0.385	0.663
0	-1.081	-0.391	0.758
0	-0.972	-0.406	0.851
0	-0.861	-0.429	0.938
0	-0.764	-0.457	1.009
0	-0.696	-0.476	1.054
0	-0.668	-0.476	1.062
0	-0.681	-0.465	1.037
0	-0.73	-0.476	0.99
0	-0.797	-0.532	0.93
0	-0.857	-0.623	0.861
0	-0.888	-0.715	0.784
0	-0.884	-0.777	0.704
0	-0.857	-0.799	0.627
0	-0.83	-0.791	0.561
0	-0.821	-0.77	0.51
0	-0.827	-0.75	0.47
0	-0.829	-0.744	0.436
0	-0.804	-0.758	0.401
0	-0.746	-0.797	0.36
0	-0.667	-0.865	0.304
0	-0.595	-0.954	0.226
0	-0.558	-1.038	0.118
0	-0.568	-1.088	-0.02
0	-0.618	-1.087	-0.186
0	-0.697	-1.036	-0.37
0	-0.795	-0.954	-0.56
0	-0.905	-0.867	-0.74
0	-1.016	-0.798	-0.897
0	-1.112	-0.747	-1.028
0	-1.172	-0.696	-1.13
0	-1.181	-0.63	-1.203
0	-1.133	-0.557	-1.252
0	-1.04	-0.503	-1.289
0	-0.921	-0.492	-1.33
0	-0.8	-0.525	-1.385
0	-0.698	-0.581	-1.457
0	-0.627	-0.636	-1.547
0	-0.59	-0.672	-1.653
0	-0.581	-0.682	-1.766
0	-0.586	-0.668	-1.866
0	-0.59	-0.643	-1.935
0	-0.58	-0.627	-1.961
0	-0.551	-0.637	-1.956
0	-0.507	-0.674	-1.939
0	-0.458	-0.721	-1.934
0	-0.418	-0.752	-1.945
0	-0.393	-0.748	-1.967
0	-0.388	-0.716	-1.994
0	-0.395	-0.685	-2.026
0	-0.398	-0.672	-2.073
0	-0.374	-0.67	-2.136
0	-0.303	-0.653	-2.206
0	-0.185	-0.599	-2.272
0	-0.038	-0.516	-2.329
0	0.111	-0.428	-2.382
0	0.236	-0.356	-2.441
0	0.327	-0.3	-2.509
0	0.384	-0.249	-2.577
0	0.418	-0.195	-2.626
0	0.439	-0.143	-2.642
0	0.453	-0.103	-2.62
0	0.459	-0.072	-2.572
0	0.453	-0.035	-2.509
0	0.431	0.018	-2.439
0	0.396	0.083	-2.368
0	0.351	0.14	-2.302
0	0.302	0.17	-2.245
0	0.262	0.162	-2.198
0	0.248	0.121	-2.155
0	0.273	0.074	-2.108
0	0.336	0.06	-2.051
0	0.423	0.109	-1.985
0	0.514	0.234	-1.918
0	0.597	0.415	-1.857
0	0.673	0.615	-1.802
0	0.747	0.783	-1.751
0	0.819	0.874	-1.703
0	0.876	0.868	-1.661
0	0.908	0.775	-1.632
0	0.915	0.633	-1.621
0	0.919	0.488	-1.624
0	0.947	0.385	-1.634
0	1.017	0.36	-1.64
0	1.123	0.424	-1.638
0	1.243	0.546	-1.634
0	1.359	0.662	-1.642
0	1.459	0.717	-1.672
0	1.541	0.698	-1.729
0	1.607	0.634	-1.803
0	1.659	0.561	-1.878
0	1.705	0.489	-1.929
0	1.755	0.415	-1.943
0	1.812	0.348	-1.917
0	1.869	0.315	-1.861
0	1.915	0.34	-1.781
0	1.946	0.411	-1.68
0	1.969	0.488	-1.562
0	1.996	0.532	-1.436
0	2.035	0.536	-1.314
0	2.084	0.52	-1.206
0	2.135	0.521	-1.115
0	2.171	0.567	-1.036
0	2.174	0.661	-0.957
0	2.126	0.778	-0.863
0	2.022	0.883	-0.739
0	1.87	0.952	-0.58
0	1.691	0.988	-0.389
0	1.51	1.007	-0.176
0	1.341	1.029	0.037
0	1.19	1.055	0.224
0	1.06	1.07	0.364
0	0.958	1.05	0.453
0	0.895	0.987	0.504
0	0.878	0.898	0.539
0	0.896	0.823	0.581
0	0.925	0.788	0.638
0	0.934	0.788	0.705
0	0.902	0.788	0.774
0	0.829	0.767	0.842
0	0.73	0.741	0.91
0	0.618	0.748	0.975
0	0.506	0.806	1.029
0	0.401	0.882	1.075
0	0.314	0.922	1.12
0	0.259	0.901	1.172
0	0.245	0.843	1.23
0	0.268	0.795	1.294
0	0.313	0.775	1.36
0	0.362	0.762	1.425
0	0.404	0.722	1.485
0	0.438	0.641	1.538
0	0.471	0.539	1.58
0	0.509	0.443	1.603
0	0.551	0.381	1.604
0	0.588	0.362	1.58
0	0.616	0.382	1.54
0	0.63	0.422	1.5
0	0.63	0.473	1.472
0	0.613	0.54	1.462
0	0.575	0.628	1.462
0	0.513	0.72	1.457
0	0.437	0.784	1.434
0	0.361	0.789	1.385
0	0.3	0.74	1.313
0	0.259	0.672	1.222
0	0.231	0.622	1.12
0	0.21	0.599	1.019
0	0.189	0.584	0.928
0	0.164	0.559	0.854
0	0.132	0.531	0.799
0	0.085	0.522	0.754
0	0.019	0.539	0.709
0	-0.067	0.57	0.655
0	-0.168	0.604	0.587
0	-0.277	0.637	0.509
0	-0.384	0.668	0.432
0	-0.482	0.687	0.368
0	-0.563	0.68	0.324
0	-0.623	0.65	0.307
0	-0.66	0.619	0.32
0	-0.673	0.613	0.365
0	-0.664	0.629	0.437
0	-0.633	0.628	0.531
0	-0.584	0.559	0.639
0	-0.525	0.423	0.747
0	-0.471	0.285	0.838
0	-0.435	0.225	0.895
0	-0.426	0.268	0.912
0	-0.444	0.362	0.891
0	-0.481	0.436	0.843
0	-0.524	0.462	0.782
0	-0.555	0.459	0.722
0	-0.557	0.447	0.672
0	-0.526	0.424	0.636
0	-0.476	0.376	0.61
0	-0.43	0.304	0.588
0	-0.404	0.232	0.56
0	-0.4	0.191	0.514
0	-0.404	0.196	0.449
0	-0.403	0.232	0.37
0	-0.392	0.274	0.285
0	-0.382	0.299	0.203
0	-0.386	0.295	0.134
0	-0.415	0.258	0.081
0	-0.469	0.203	0.043
0	-0.537	0.155	0.018
0	-0.602	0.138	0.004
0	-0.651	0.149	0.003
0	-0.682	0.167	0.016
0	-0.706	0.173	0.037
0	-0.735	0.169	0.059
0	-0.773	0.169	0.074
0	-0.815	0.197	0.081
0	-0.854	0.265	0.086
0	-0.881	0.366	0.103
0	-0.893	0.464	0.146
0	-0.891	0.513	0.222
0	-0.878	0.488	0.325
0	-0.86	0.404	0.44
0	-0.846	0.304	0.548
0	-0.847	0.235	0.627
0	-0.873	0.219	0.661
0	-0.922	0.249	0.647
0	-0.978	0.297	0.602
0	-1.021	0.329	0.545
0	-1.038	0.318	0.5
0	-1.039	0.257	0.486
0	-1.05	0.149	0.511
0	-1.098	0.012	0.572
0	-1.194	-0.127	0.648
0	-1.324	-0.231	0.719
0	-1.453	-0.28	0.771
0	-1.545	-0.289	0.802
0	-1.577	-0.302	0.818
0	-1.55	-0.358	0.828
0	-1.482	-0.458	0.836
0	-1.4	-0.562	0.84
0	-1.33	-0.614	0.834
0	-1.292	-0.586	0.811
0	-1.292	-0.492	0.775
0	-1.328	-0.382	0.733
0	-1.389	-0.303	0.702
0	-1.453	-0.268	0.696
0	-1.497	-0.261	0.728
0	-1.501	-0.254	0.792
0	-1.461	-0.232	0.877
0	-1.393	-0.197	0.959
0	-1.323	-0.169	1.019
0	-1.273	-0.171	1.037
0	-1.251	-0.223	1.01
0	-1.247	-0.332	0.948
0	-1.243	-0.483	0.87
0	-1.224	-0.635	0.79
0	-1.189	-0.741	0.713
0	-1.143	-0.771	0.64
0	-1.095	-0.732	0.571
0	-1.048	-0.657	0.51
0	-1.008	-0.581	0.463
0	-0.982	-0.522	0.425
0	-0.973	-0.483	0.391
0	-0.978	-0.461	0.35
0	-0.984	-0.454	0.3
0	-0.98	-0.457	0.246
0	-0.964	-0.459	0.194
0	-0.94	-0.448	0.146
0	-0.916	-0.418	0.103
0	-0.889	-0.372	0.067
0	-0.86	-0.325	0.033
0	-0.833	-0.304	-0.003
0	-0.815	-0.328	-0.047
0	-0.814	-0.392	-0.095
0	-0.825	-0.466	-0.135
0	-0.838	-0.509	-0.158
0	-0.845	-0.501	-0.162
0	-0.843	-0.452	-0.148
0	-0.833	-0.388	-0.122
0	-0.821	-0.33	-0.091
0	-0.806	-0.282	-0.063
0	-0.789	-0.237	-0.047
0	-0.767	-0.188	-0.058
0	-0.733	-0.147	-0.1
0	-0.675	-0.139	-0.162
0	-0.581	-0.173	-0.215
0	-0.448	-0.235	-0.228
0	-0.287	-0.293	-0.193
0	-0.117	-0.322	-0.13
0	0.044	-0.317	-0.07
0	0.182	-0.293	-0.036
0	0.283	-0.275	-0.03
0	0.337	-0.275	-0.041
0	0.341	-0.295	-0.058
0	0.308	-0.328	-0.073
0	0.264	-0.365	-0.089
0	0.23	-0.395	-0.101
0	0.214	-0.406	-0.106
0	0.207	-0.39	-0.099
0	0.197	-0.354	-0.086
0	0.177	-0.316	-0.077
0	0.153	-0.286	-0.083
0	0.138	-0.272	-0.101
0	0.146	-0.286	-0.123
0	0.186	-0.341	-0.133
0	0.257	-0.435	-0.123
0	0.346	-0.537	-0.093
0	0.435	-0.596	-0.055
0	0.505	-0.576	-0.029
0	0.55	-0.48	-0.027
0	0.576	-0.35	-0.054
0	0.594	-0.237	-0.109
0	0.615	-0.173	-0.181
0	0.641	-0.168	-0.255
0	0.67	-0.213	-0.317
0	0.696	-0.293	-0.354
0	0.707	-0.392	-0.36
0	0.694	-0.49	-0.336
0	0.652	-0.567	-0.292
0	0.596	-0.612	-0.244
0	0.555	-0.622	-0.209
0	0.552	-0.603	-0.193
0	0.587	-0.57	-0.193
0	0.64	-0.536	-0.197
0	0.686	-0.512	-0.199
0	0.712	-0.492	-0.201
0	0.724	-0.464	-0.207
0	0.734	-0.415	-0.219
0	0.745	-0.345	-0.236
0	0.75	-0.271	-0.251
0	0.736	-0.216	-0.255
0	0.696	-0.2	-0.24
0	0.623	-0.219	-0.199
0	0.519	-0.235	-0.133
0	0.388	-0.205	-0.05
0	0.242	-0.117	0.037
0	0.098	0.003	0.121
0	-0.023	0.109	0.202
0	-0.104	0.174	0.287
0	-0.144	0.192	0.377
0	-0.156	0.172	0.463
0	-0.169	0.13	0.535
0	-0.211	0.084	0.588
0	-0.299	0.054	0.622
0	-0.425	0.049	0.646
0	-0.567	0.062	0.665
0	-0.691	0.076	0.677
0	-0.771	0.086	0.674
0	-0.799	0.102	0.649
0	-0.787	0.131	0.605
0	-0.755	0.167	0.553
0	-0.726	0.19	0.504
0	-0.711	0.195	0.464
0	-0.708	0.194	0.439
0	-0.708	0.197	0.437
0	-0.701	0.2	0.463
0	-0.679	0.178	0.516
0	-0.645	0.109	0.581
0	-0.604	-0.009	0.636
0	-0.567	-0.152	0.657
0	-0.538	-0.275	0.634
0	-0.515	-0.343	0.575
0	-0.493	-0.345	0.504
0	-0.469	-0.3	0.443
0	-0.449	-0.245	0.399
0	-0.441	-0.206	0.371
0	-0.445	-0.181	0.346
0	-0.454	-0.147	0.32
0	-0.457	-0.085	0.296
0	-0.444	-0.001	0.281
0	-0.411	0.074	0.28
0	-0.36	0.109	0.292
0	-0.295	0.096	0.314
0	-0.216	0.057	0.347
0	-0.123	0.025	0.388
0	-0.023	0.022	0.424
0	0.075	0.039	0.442
0	0.164	0.047	0.434
0	0.249	0.019	0.406
0	0.337	-0.039	0.371
0	0.43	-0.097	0.338
0	0.518	-0.121	0.307
0	0.586	-0.102	0.274
0	0.626	-0.058	0.232
0	0.642	-0.018	0.186
0	0.643	-0.003	0.143
0	0.641	-0.024	0.114
0	0.644	-0.09	0.102
0	0.659	-0.211	0.1
0	0.689	-0.387	0.105
0	0.735	-0.597	0.112
0	0.795	-0.797	0.119
0	0.862	-0.945	0.122
0	0.933	-1.018	0.115
0	1.007	-1.024	0.092
0	1.086	-0.99	0.05
0	1.172	-0.945	-0.007
0	1.265	-0.897	-0.07
0	1.364	-0.835	-0.129
0	1.46	-0.741	-0.176
0	1.543	-0.607	-0.209
0	1.596	-0.44	-0.234
0	1.615	-0.265	-0.26
0	1.604	-0.117	-0.297
0	1.579	-0.019	-0.351
0	1.552	0.023	-0.418
0	1.526	0.02	-0.49
0	1.497	-0.011	-0.555
0	1.461	-0.054	-0.607
0	1.423	-0.098	-0.643
0	1.389	-0.133	-0.661
0	1.366	-0.154	-0.663
0	1.35	-0.162	-0.656
0	1.338	-0.16	-0.647
0	1.327	-0.156	-0.643
0	1.324	-0.157	-0.646
0	1.335	-0.156	-0.657
0	1.363	-0.143	-0.671
0	1.4	-0.111	-0.683
0	1.438	-0.071	-0.688
0	1.465	-0.046	-0.684
0	1.481	-0.052	-0.67
0	1.486	-0.095	-0.648
0	1.484	-0.161	-0.627
0	1.472	-0.222	-0.614
0	1.447	-0.247	-0.614
0	1.408	-0.215	-0.627
0	1.361	-0.135	-0.648
0	1.311	-0.046	-0.677
0	1.265	0.003	-0.713
0	1.221	-0.019	-0.762
0	1.175	-0.103	-0.832
0	1.122	-0.213	-0.929
0	1.064	-0.309	-1.05
0	1.007	-0.379	-1.183
0	0.964	-0.432	-1.319
0	0.94	-0.475	-1.446
0	0.936	-0.501	-1.558
0	0.941	-0.49	-1.648
0	0.939	-0.43	-1.714
0	0.913	-0.33	-1.758
0	0.85	-0.222	-1.782
0	0.752	-0.142	-1.788
0	0.632	-0.115	-1.781
0	0.512	-0.134	-1.77
0	0.415	-0.168	-1.76
0	0.352	-0.185	-1.762
0	0.318	-0.17	-1.782
0	0.297	-0.131	-1.822
0	0.267	-0.078	-1.872
0	0.22	-0.014	-1.92
0	0.16	0.066	-1.95
0	0.098	0.162	-1.953
0	0.044	0.267	-1.922
0	0.002	0.354	-1.855
0	-0.037	0.398	-1.759
0	-0.086	0.388	-1.648
0	-0.156	0.341	-1.536
0	-0.243	0.294	-1.437
0	-0.329	0.276	-1.362
0	-0.393	0.287	-1.315
0	-0.422	0.307	-1.288
0	-0.421	0.31	-1.276
0	-0.407	0.285	-1.275
0	-0.399	0.237	-1.289
0	-0.409	0.183	-1.32
0	-0.442	0.135	-1.362
0	-0.497	0.105	-1.402
0	-0.573	0.102	-1.424
0	-0.669	0.128	-1.414
0	-0.789	0.177	-1.37
0	-0.932	0.233	-1.302
0	-1.09	0.291	-1.223
0	-1.24	0.355	-1.14
0	-1.355	0.425	-1.057
0	-1.408	0.486	-0.974
0	-1.391	0.518	-0.89
0	-1.316	0.521	-0.808
0	-1.213	0.517	-0.738
0	-1.12	0.535	-0.689
0	-1.069	0.582	-0.664
0	-1.075	0.652	-0.658
0	-1.129	0.732	-0.66
0	-1.206	0.816	-0.658
0	-1.275	0.892	-0.645
0	-1.318	0.942	-0.616
0	-1.329	0.957	-0.575
0	-1.317	0.942	-0.532
0	-1.297	0.916	-0.498
0	-1.275	0.885	-0.478
0	-1.253	0.842	-0.47
0	-1.227	0.768	-0.474
0	-1.197	0.656	-0.489
0	-1.165	0.513	-0.513
0	-1.134	0.366	-0.539
0	-1.106	0.247	-0.555
0	-1.079	0.186	-0.554
0	-1.053	0.196	-0.533
0	-1.027	0.266	-0.506
0	-1.004	0.364	-0.493
0	-0.988	0.455	-0.51
0	-0.985	0.51	-0.56
0	-1.006	0.518	-0.627
0	-1.053	0.485	-0.691
0	-1.123	0.432	-0.738
0	-1.198	0.38	-0.765
0	-1.252	0.344	-0.771
0	-1.264	0.329	-0.757
0	-1.222	0.326	-0.718
0	-1.133	0.324	-0.659
0	-1.024	0.308	-0.591
0	-0.927	0.279	-0.531
0	-0.864	0.249	-0.491
0	-0.832	0.237	-0.471
0	-0.806	0.25	-0.459
0	-0.766	0.282	-0.445
0	-0.702	0.316	-0.422
0	-0.623	0.329	-0.388
0	-0.539	0.305	-0.342
0	-0.463	0.257	-0.291
0	-0.408	0.229	-0.241
0	-0.388	0.251	-0.197
0	-0.406	0.303	-0.158
0	-0.452	0.33	-0.123
0	-0.502	0.302	-0.094
0	-0.533	0.245	-0.07
0	-0.53	0.197	-0.052
0	-0.489	0.164	-0.039
0	-0.417	0.117	-0.029
0	-0.327	0.04	-0.021
0	-0.233	-0.043	-0.008
0	-0.139	-0.095	0.017
0	-0.052	-0.102	0.061
0	0.019	-0.082	0.121
0	0.058	-0.058	0.185
0	0.058	-0.035	0.242
0	0.027	-0.009	0.286
0	-0.019	0.018	0.323
0	-0.07	0.039	0.361
0	-0.129	0.055	0.404
0	-0.198	0.083	0.456
0	-0.265	0.134	0.523
0	-0.309	0.199	0.609
0	-0.315	0.252	0.714
0	-0.286	0.273	0.828
0	-0.245	0.27	0.941
0	-0.213	0.266	1.041
0	-0.199	0.278	1.12
0	-0.202	0.303	1.175
0	-0.22	0.332	1.208
0	-0.254	0.353	1.221
0	-0.3	0.354	1.214
0	-0.343	0.318	1.191
0	-0.365	0.242	1.163
0	-0.36	0.139	1.144
0	-0.347	0.037	1.139
0	-0.347	-0.043	1.143
0	-0.366	-0.096	1.151
0	-0.393	-0.127	1.158
0	-0.419	-0.147	1.164
0	-0.445	-0.166	1.169
0	-0.485	-0.197	1.176
0	-0.543	-0.242	1.188
0	-0.599	-0.297	1.205
0	-0.615	-0.349	1.229
0	-0.567	-0.387	1.257
0	-0.465	-0.403	1.283
0	-0.35	-0.391	1.296
0	-0.269	-0.347	1.297
0	-0.244	-0.285	1.295
0	-0.262	-0.249	1.311
0	-0.292	-0.304	1.365
0	-0.315	-0.471	1.456
0	-0.347	-0.659	1.561
0	-0.426	-0.696	1.64
0	-0.565	-0.472	1.673
0	-0.728	-0.094	1.676
0	-0.84	0.172	1.685
0	-0.848	0.139	1.717
0	-0.757	-0.163	1.763
0	-0.613	-0.559	1.799
0	-0.473	-0.832	1.804
0	-0.379	-0.83	1.773
0	-0.337	-0.58	1.724
0	-0.32	-0.276	1.68
0	-0.299	-0.083	1.646
0	-0.263	-0.004	1.605
0	-0.208	0.04	1.538
0	-0.121	0.062	1.448
0	0.009	0.006	1.361
0	0.174	-0.148	1.299
0	0.336	-0.321	1.266
0	0.455	-0.394	1.24
0	0.513	-0.305	1.198
0	0.527	-0.094	1.131
0	0.53	0.115	1.053
0	0.547	0.188	0.988
0	0.59	0.065	0.948
0	0.661	-0.198	0.929
0	0.758	-0.474	0.913
0	0.876	-0.639	0.889
0	0.998	-0.631	0.852
0	1.107	-0.465	0.808
0	1.192	-0.221	0.765
0	1.256	0	0.729
0	1.309	0.117	0.708
0	1.355	0.11	0.708
0	1.386	0.019	0.729
0	1.392	-0.087	0.764
0	1.37	-0.168	0.804
0	1.33	-0.231	0.841
0	1.291	-0.294	0.871
0	1.266	-0.353	0.891
0	1.256	-0.387	0.895
0	1.256	-0.385	0.879
0	1.26	-0.365	0.843
0	1.268	-0.352	0.79
0	1.28	-0.355	0.731
0	1.297	-0.366	0.677
0	1.314	-0.387	0.636
0	1.325	-0.436	0.613
0	1.33	-0.528	0.608
0	1.329	-0.644	0.619
0	1.32	-0.747	0.643
0	1.303	-0.819	0.678
0	1.269	-0.868	0.715
0	1.204	-0.89	0.74
0	1.093	-0.853	0.739
0	0.937	-0.734	0.714
0	0.762	-0.574	0.68
0	0.604	-0.451	0.654
0	0.486	-0.416	0.637
0	0.405	-0.471	0.616
0	0.342	-0.576	0.575
0	0.282	-0.672	0.511
0	0.223	-0.709	0.432
0	0.176	-0.666	0.359
0	0.148	-0.554	0.305
0	0.134	-0.42	0.27
0	0.121	-0.336	0.243
0	0.103	-0.366	0.208
0	0.078	-0.517	0.156
0	0.05	-0.72	0.087
0	0.017	-0.862	0.009
0	-0.026	-0.858	-0.069
0	-0.072	-0.709	-0.144
0	-0.106	-0.491	-0.212
0	-0.111	-0.294	-0.276
0	-0.084	-0.168	-0.338
0	-0.036	-0.114	-0.402
0	0.016	-0.112	-0.469
0	0.062	-0.154	-0.536
0	0.109	-0.249	-0.591
0	0.167	-0.394	-0.618
0	0.242	-0.542	-0.617
0	0.326	-0.634	-0.604
0	0.409	-0.641	-0.605
0	0.483	-0.591	-0.643
0	0.551	-0.533	-0.722
0	0.616	-0.495	-0.833
0	0.677	-0.468	-0.958
0	0.722	-0.433	-1.075
0	0.743	-0.387	-1.167
0	0.742	-0.331	-1.223
0	0.731	-0.262	-1.242
0	0.725	-0.173	-1.226
0	0.726	-0.077	-1.189
0	0.731	-0.005	-1.154
0	0.736	0.015	-1.144
0	0.739	-0.007	-1.174
0	0.749	-0.034	-1.241
0	0.77	-0.044	-1.327
0	0.801	-0.047	-1.408
0	0.828	-0.073	-1.468
0	0.835	-0.132	-1.502
0	0.813	-0.2	-1.515
0	0.767	-0.237	-1.511
0	0.713	-0.223	-1.489
0	0.663	-0.166	-1.447
0	0.617	-0.093	-1.387
0	0.57	-0.024	-1.312
0	0.519	0.033	-1.228
0	0.47	0.08	-1.147
0	0.431	0.12	-1.081
0	0.41	0.153	-1.039
0	0.413	0.17	-1.021
0	0.437	0.158	-1.02
0	0.471	0.112	-1.031
0	0.493	0.046	-1.05
0	0.473	-0.007	-1.077
0	0.395	-0.012	-1.109
0	0.266	0.049	-1.142
0	0.113	0.165	-1.165
0	-0.033	0.3	-1.167
0	-0.155	0.419	-1.146
0	-0.252	0.504	-1.109
0	-0.339	0.548	-1.069
0	-0.429	0.549	-1.037
0	-0.529	0.508	-1.019
0	-0.64	0.441	-1.014
0	-0.752	0.371	-1.02
0	-0.855	0.318	-1.033
0	-0.937	0.291	-1.047
0	-0.988	0.284	-1.053
0	-1.006	0.295	-1.051
0	-0.994	0.326	-1.04
0	-0.962	0.387	-1.023
0	-0.918	0.479	-1.002
0	-0.869	0.583	-0.969
0	-0.819	0.669	-0.91
0	-0.78	0.71	-0.822
0	-0.762	0.698	-0.713
0	-0.775	0.643	-0.603
0	-0.818	0.56	-0.506
0	-0.878	0.478	-0.428
0	-0.944	0.428	-0.368
0	-1.002	0.432	-0.319
0	-1.046	0.478	-0.28
0	-1.066	0.53	-0.255
0	-1.055	0.552	-0.249
0	-1.018	0.544	-0.258
0	-0.967	0.529	-0.269
0	-0.924	0.529	-0.265
0	-0.91	0.549	-0.238
0	-0.93	0.579	-0.188
0	-0.979	0.61	-0.124
0	-1.036	0.645	-0.051
0	-1.08	0.688	0.025
0	-1.094	0.726	0.102
0	-1.069	0.73	0.177
0	-1.01	0.677	0.247
0	-0.932	0.57	0.305
0	-0.859	0.447	0.35
0	-0.805	0.355	0.381
0	-0.773	0.322	0.399
0	-0.752	0.334	0.405
0	-0.728	0.345	0.4
0	-0.693	0.321	0.391
0	-0.656	0.269	0.379
0	-0.631	0.24	0.364
0	-0.627	0.282	0.351
0	-0.637	0.404	0.349
0	-0.644	0.559	0.365
0	-0.628	0.671	0.401
0	-0.581	0.682	0.448
0	-0.507	0.576	0.494
0	-0.42	0.396	0.523
0	-0.343	0.22	0.518
0	-0.292	0.124	0.476
0	-0.276	0.127	0.408
0	-0.288	0.18	0.334
0	-0.312	0.219	0.277
0	-0.335	0.213	0.248
0	-0.351	0.185	0.249
0	-0.363	0.172	0.272
0	-0.373	0.192	0.307
0	-0.379	0.239	0.351
0	-0.377	0.3	0.405
0	-0.362	0.362	0.474
0	-0.332	0.407	0.556
0	-0.288	0.413	0.64
0	-0.238	0.369	0.703
0	-0.184	0.283	0.722
0	-0.129	0.18	0.691
0	-0.07	0.079	0.631
0	-0.007	-0.012	0.571
0	0.048	-0.086	0.536
0	0.082	-0.126	0.53
0	0.093	-0.117	0.551
0	0.092	-0.071	0.593
0	0.096	-0.02	0.653
0	0.108	0.011	0.725
0	0.113	0.022	0.797
0	0.095	0.03	0.851
0	0.053	0.041	0.879
0	0.002	0.044	0.881
0	-0.028	0.027	0.866
0	-0.015	-0.006	0.849
0	0.052	-0.039	0.839
0	0.167	-0.065	0.838
0	0.311	-0.087	0.845
0	0.457	-0.101	0.853
0	0.581	-0.095	0.863
0	0.666	-0.063	0.876
0	0.709	-0.018	0.9
0	0.721	0.013	0.939
0	0.719	0.001	0.991
0	0.714	-0.065	1.05
0	0.713	-0.165	1.108
0	0.717	-0.26	1.154
0	0.722	-0.324	1.176
0	0.723	-0.358	1.166
0	0.72	-0.377	1.129
0	0.714	-0.381	1.073
0	0.705	-0.354	1.012
0	0.696	-0.286	0.959
0	0.685	-0.197	0.923
0	0.672	-0.126	0.915
0	0.657	-0.101	0.938
0	0.641	-0.126	0.991
0	0.63	-0.185	1.069
0	0.628	-0.258	1.162
0	0.637	-0.335	1.257
0	0.655	-0.405	1.343
0	0.679	-0.459	1.411
0	0.709	-0.485	1.464
0	0.74	-0.484	1.507
0	0.769	-0.461	1.54
0	0.786	-0.424	1.562
0	0.788	-0.378	1.569
0	0.784	-0.332	1.562
0	0.786	-0.291	1.55
0	0.804	-0.244	1.545
0	0.839	-0.169	1.559
0	0.882	-0.057	1.593
0	0.925	0.054	1.648
0	0.964	0.09	1.724
0	0.993	0	1.817
0	1.004	-0.183	1.912
0	0.987	-0.355	1.989
0	0.942	-0.423	2.032
0	0.89	-0.383	2.044
0	0.855	-0.299	2.041
0	0.85	-0.222	2.033
0	0.87	-0.154	2.024
0	0.907	-0.082	2.012
0	0.956	-0.017	1.996
0	1.013	0.009	1.984
0	1.068	-0.02	1.981
0	1.103	-0.085	1.985
0	1.099	-0.144	1.981
0	1.049	-0.167	1.951
0	0.962	-0.155	1.887
0	0.863	-0.135	1.801
0	0.776	-0.135	1.713
0	0.719	-0.162	1.644
0	0.693	-0.199	1.601
0	0.687	-0.217	1.58
0	0.687	-0.191	1.568
0	0.679	-0.115	1.548
0	0.659	-0.014	1.512
0	0.635	0.059	1.465
0	0.622	0.053	1.421
0	0.634	-0.044	1.389
0	0.671	-0.197	1.372
0	0.721	-0.341	1.363
0	0.769	-0.424	1.353
0	0.798	-0.433	1.333
0	0.803	-0.398	1.301
0	0.786	-0.357	1.255
0	0.752	-0.335	1.195
0	0.709	-0.336	1.12
0	0.668	-0.352	1.033
0	0.639	-0.374	0.944
0	0.624	-0.382	0.861
0	0.615	-0.351	0.781
0	0.599	-0.27	0.696
0	0.573	-0.167	0.607
0	0.544	-0.101	0.52
0	0.524	-0.119	0.445
0	0.516	-0.224	0.387
0	0.512	-0.369	0.337
0	0.495	-0.494	0.283
0	0.45	-0.554	0.22
0	0.374	-0.539	0.149
0	0.279	-0.469	0.08
0	0.191	-0.381	0.02
0	0.135	-0.309	-0.033
0	0.127	-0.277	-0.084
0	0.167	-0.295	-0.141
0	0.237	-0.355	-0.208
0	0.31	-0.435	-0.284
0	0.365	-0.511	-0.364
0	0.395	-0.565	-0.446
0	0.405	-0.586	-0.527
0	0.401	-0.574	-0.61
0	0.386	-0.532	-0.692
0	0.359	-0.469	-0.77
0	0.323	-0.397	-0.84
0	0.285	-0.327	-0.898
0	0.253	-0.262	-0.946
0	0.231	-0.192	-0.989
0	0.22	-0.114	-1.036
0	0.218	-0.051	-1.095
0	0.225	-0.038	-1.17
0	0.243	-0.094	-1.26
0	0.261	-0.198	-1.364
0	0.264	-0.301	-1.483
0	0.243	-0.364	-1.617
0	0.201	-0.381	-1.757
0	0.163	-0.374	-1.892
0	0.151	-0.364	-2.004
0	0.173	-0.362	-2.075
0	0.213	-0.373	-2.098
0	0.243	-0.403	-2.079
0	0.232	-0.448	-2.039
0	0.168	-0.484	-2
0	0.055	-0.476	-1.977
0	-0.089	-0.406	-1.972
0	-0.235	-0.297	-1.977
0	-0.36	-0.203	-1.983
0	-0.451	-0.166	-1.983
0	-0.509	-0.199	-1.98
0	-0.545	-0.278	-1.978
0	-0.572	-0.374	-1.982
0	-0.6	-0.462	-1.992
0	-0.636	-0.53	-2.011
0	-0.678	-0.571	-2.039
0	-0.717	-0.588	-2.075
0	-0.742	-0.587	-2.11
0	-0.747	-0.574	-2.13
0	-0.738	-0.54	-2.127
0	-0.731	-0.468	-2.104
0	-0.738	-0.354	-2.071
0	-0.754	-0.216	-2.043
0	-0.764	-0.09	-2.03
0	-0.748	-0.007	-2.036
0	-0.699	0.018	-2.06
0	-0.623	-0.008	-2.096
0	-0.54	-0.068	-2.141
0	-0.473	-0.145	-2.191
0	-0.441	-0.227	-2.242
0	-0.45	-0.298	-2.289
0	-0.492	-0.344	-2.324
0	-0.548	-0.357	-2.339
0	-0.595	-0.341	-2.322
0	-0.618	-0.308	-2.274
0	-0.616	-0.266	-2.202
0	-0.602	-0.214	-2.121
0	-0.588	-0.154	-2.04
0	-0.583	-0.093	-1.966
0	-0.584	-0.041	-1.904
0	-0.588	-0.001	-1.86
0	-0.593	0.034	-1.838
0	-0.6	0.067	-1.835
0	-0.608	0.09	-1.838
0	-0.614	0.086	-1.83
0	-0.613	0.06	-1.803
0	-0.607	0.038	-1.761
0	-0.596	0.054	-1.717
0	-0.582	0.113	-1.681
0	-0.555	0.193	-1.654
0	-0.509	0.26	-1.634
0	-0.443	0.296	-1.623
0	-0.365	0.305	-1.624
0	-0.293	0.301	-1.634
0	-0.242	0.3	-1.647
0	-0.214	0.314	-1.653
0	-0.203	0.348	-1.646
0	-0.195	0.385	-1.624
0	-0.181	0.397	-1.59
0	-0.162	0.361	-1.549
0	-0.148	0.288	-1.505
0	-0.148	0.225	-1.456
0	-0.17	0.224	-1.401
0	-0.207	0.307	-1.334
0	-0.246	0.444	-1.248
0	-0.267	0.564	-1.134
0	-0.258	0.602	-0.99
0	-0.225	0.54	-0.825
0	-0.193	0.42	-0.651
0	-0.187	0.311	-0.481
0	-0.221	0.268	-0.323
0	-0.292	0.306	-0.184
0	-0.383	0.4	-0.066
0	-0.471	0.501	0.027
0	-0.539	0.567	0.097
0	-0.579	0.59	0.149
0	-0.592	0.591	0.197
0	-0.585	0.604	0.256
0	-0.571	0.645	0.333
0	-0.56	0.703	0.422
0	-0.554	0.749	0.506
0	-0.548	0.761	0.569
0	-0.533	0.745	0.602
0	-0.504	0.723	0.602
0	-0.464	0.717	0.576
0	-0.422	0.729	0.536
0	-0.388	0.744	0.499
0	-0.368	0.743	0.479
0	-0.362	0.715	0.49
0	-0.365	0.661	0.537
0	-0.382	0.594	0.612
0	-0.416	0.531	0.698
0	-0.469	0.488	0.781
0	-0.532	0.478	0.855
0	-0.591	0.512	0.928
0	-0.629	0.605	1.005
0	-0.637	0.754	1.093
0	-0.613	0.933	1.193
0	-0.563	1.096	1.298
0	-0.494	1.194	1.398
0	-0.412	1.207	1.482
0	-0.325	1.156	1.545
0	-0.24	1.086	1.589
0	-0.168	1.039	1.622
0	-0.112	1.031	1.647
0	-0.062	1.047	1.667
0	-0.001	1.057	1.678
0	0.083	1.042	1.679
0	0.192	1.005	1.672
0	0.308	0.961	1.663
0	0.406	0.924	1.654
0	0.464	0.89	1.64
0	0.481	0.837	1.617
0	0.467	0.748	1.59
0	0.438	0.639	1.565
0	0.408	0.554	1.548
0	0.386	0.529	1.542
0	0.38	0.57	1.543
0	0.392	0.646	1.547
0	0.426	0.714	1.552
0	0.475	0.745	1.563
0	0.53	0.722	1.587
0	0.577	0.647	1.627
0	0.603	0.54	1.673
0	0.606	0.44	1.713
0	0.595	0.386	1.736
0	0.58	0.393	1.74
0	0.562	0.445	1.731
0	0.532	0.517	1.72
0	0.484	0.601	1.717
0	0.423	0.708	1.723
0	0.37	0.829	1.735
0	0.35	0.924	1.751
0	0.37	0.945	1.767
0	0.415	0.882	1.777
0	0.458	0.77	1.769
0	0.477	0.662	1.737
0	0.468	0.596	1.682
0	0.438	0.574	1.61
0	0.397	0.574	1.532
0	0.353	0.57	1.454
0	0.319	0.54	1.377
0	0.307	0.482	1.296
0	0.328	0.407	1.203
0	0.38	0.336	1.097
0	0.448	0.281	0.984
0	0.516	0.239	0.88
0	0.573	0.197	0.797
0	0.609	0.154	0.742
0	0.619	0.129	0.715
0	0.591	0.154	0.707
0	0.521	0.243	0.712
0	0.414	0.377	0.725
0	0.289	0.512	0.744
0	0.169	0.61	0.771
0	0.079	0.656	0.803
0	0.029	0.651	0.839
0	0.016	0.601	0.877
0	0.025	0.518	0.905
0	0.031	0.428	0.912
0	0.022	0.371	0.893
0	0.003	0.371	0.859
0	-0.01	0.418	0.832
0	0.001	0.47	0.83
0	0.043	0.482	0.86
0	0.108	0.433	0.914
0	0.184	0.331	0.972
0	0.262	0.203	1.013
0	0.335	0.074	1.021
0	0.4	-0.035	0.994
0	0.451	-0.114	0.932
0	0.486	-0.157	0.845
0	0.506	-0.172	0.746
0	0.51	-0.172	0.654
0	0.496	-0.165	0.583
0	0.463	-0.142	0.541
0	0.42	-0.09	0.525
0	0.392	-0.016	0.536
0	0.404	0.041	0.574
0	0.464	0.039	0.638
0	0.555	-0.036	0.715
0	0.64	-0.163	0.783
0	0.682	-0.299	0.823
0	0.663	-0.407	0.829
0	0.586	-0.458	0.812
0	0.474	-0.439	0.784
0	0.355	-0.354	0.749
0	0.254	-0.235	0.705
0	0.183	-0.135	0.65
0	0.142	-0.093	0.591
0	0.122	-0.109	0.535
0	0.104	-0.141	0.485
0	0.076	-0.146	0.44
0	0.031	-0.115	0.391
0	-0.032	-0.077	0.337
0	-0.106	-0.068	0.276
0	-0.184	-0.113	0.214
0	-0.258	-0.223	0.161
0	-0.321	-0.39	0.121
0	-0.378	-0.588	0.091
0	-0.442	-0.756	0.059
0	-0.524	-0.817	0.012
0	-0.625	-0.725	-0.053
0	-0.724	-0.514	-0.131
0	-0.786	-0.291	-0.212
0	-0.788	-0.162	-0.286
0	-0.729	-0.163	-0.35
0	-0.635	-0.249	-0.408
0	-0.543	-0.356	-0.462
0	-0.48	-0.442	-0.506
0	-0.461	-0.5	-0.532
0	-0.482	-0.533	-0.534
0	-0.525	-0.552	-0.511
0	-0.565	-0.569	-0.466
0	-0.583	-0.602	-0.414
0	-0.58	-0.654	-0.372
0	-0.568	-0.705	-0.355
0	-0.561	-0.721	-0.372
0	-0.559	-0.683	-0.421
0	-0.551	-0.598	-0.486
0	-0.523	-0.504	-0.545
0	-0.472	-0.439	-0.577
0	-0.406	-0.413	-0.577
0	-0.337	-0.415	-0.548
0	-0.272	-0.427	-0.503
0	-0.21	-0.442	-0.454
0	-0.151	-0.458	-0.415
0	-0.095	-0.47	-0.398
0	-0.043	-0.473	-0.406
0	0.001	-0.477	-0.431
0	0.032	-0.512	-0.458
0	0.04	-0.592	-0.475
0	0.02	-0.7	-0.481
0	-0.024	-0.795	-0.487
0	-0.074	-0.841	-0.504
0	-0.108	-0.835	-0.534
0	-0.11	-0.799	-0.574
0	-0.073	-0.758	-0.617
0	-0.004	-0.727	-0.66
0	0.081	-0.711	-0.702
0	0.162	-0.714	-0.744
0	0.23	-0.736	-0.781
0	0.282	-0.764	-0.81
0	0.328	-0.778	-0.829
0	0.377	-0.768	-0.837
0	0.437	-0.748	-0.836
0	0.506	-0.743	-0.833
0	0.573	-0.765	-0.832
0	0.626	-0.8	-0.834
0	0.66	-0.821	-0.833
0	0.675	-0.802	-0.823
0	0.674	-0.742	-0.803
0	0.659	-0.662	-0.775
0	0.639	-0.591	-0.741
0	0.622	-0.545	-0.704
0	0.619	-0.528	-0.671
0	0.636	-0.544	-0.643
0	0.663	-0.596	-0.625
0	0.685	-0.675	-0.618
0	0.688	-0.755	-0.625
0	0.668	-0.802	-0.646
0	0.634	-0.801	-0.678
0	0.591	-0.761	-0.715
0	0.54	-0.705	-0.757
0	0.479	-0.659	-0.801
0	0.408	-0.637	-0.843
0	0.332	-0.625	-0.879
0	0.258	-0.596	-0.904
0	0.188	-0.522	-0.915
0	0.124	-0.399	-0.911
0	0.072	-0.261	-0.894
0	0.038	-0.155	-0.868
0	0.029	-0.112	-0.838
0	0.047	-0.12	-0.815
0	0.086	-0.143	-0.811
0	0.138	-0.153	-0.836
0	0.193	-0.155	-0.886
0	0.244	-0.174	-0.946
0	0.28	-0.218	-1.005
0	0.291	-0.268	-1.058
0	0.276	-0.29	-1.109
0	0.247	-0.269	-1.159
0	0.222	-0.22	-1.201
0	0.216	-0.174	-1.225
0	0.235	-0.158	-1.22
0	0.278	-0.192	-1.177
0	0.344	-0.281	-1.097
0	0.428	-0.419	-0.982
0	0.518	-0.58	-0.843
0	0.592	-0.733	-0.692
0	0.621	-0.846	-0.544
0	0.585	-0.894	-0.419
0	0.488	-0.869	-0.327
0	0.357	-0.778	-0.273
0	0.227	-0.64	-0.25
0	0.124	-0.483	-0.253
0	0.054	-0.344	-0.279
0	0.013	-0.251	-0.327
0	-0.01	-0.211	-0.391
0	-0.025	-0.211	-0.467
0	-0.039	-0.23	-0.545
0	-0.059	-0.253	-0.618
0	-0.086	-0.272	-0.681
0	-0.118	-0.274	-0.733
0	-0.148	-0.241	-0.77
0	-0.168	-0.178	-0.788
0	-0.17	-0.113	-0.787
0	-0.157	-0.072	-0.771
0	-0.137	-0.061	-0.751
0	-0.122	-0.07	-0.741
0	-0.119	-0.089	-0.749
0	-0.134	-0.118	-0.778
0	-0.169	-0.165	-0.826
0	-0.227	-0.236	-0.882
0	-0.3	-0.325	-0.936
0	-0.374	-0.407	-0.979
0	-0.442	-0.454	-1.004
0	-0.503	-0.451	-1
0	-0.561	-0.41	-0.957
0	-0.616	-0.355	-0.875
0	-0.661	-0.307	-0.763
0	-0.688	-0.275	-0.643
0	-0.7	-0.254	-0.543
0	-0.708	-0.238	-0.483
0	-0.725	-0.216	-0.468
0	-0.747	-0.18	-0.487
0	-0.759	-0.127	-0.518
0	-0.744	-0.06	-0.54
0	-0.698	0.012	-0.541
0	-0.637	0.078	-0.521
0	-0.582	0.123	-0.49
0	-0.548	0.131	-0.46
0	-0.534	0.099	-0.438
0	-0.531	0.043	-0.423
0	-0.529	-0.002	-0.415
0	-0.524	-0.018	-0.41
0	-0.513	-0.02	-0.404
0	-0.492	-0.046	-0.391
0	-0.457	-0.117	-0.372
0	-0.407	-0.207	-0.351
0	-0.35	-0.255	-0.332
0	-0.295	-0.218	-0.315
0	-0.249	-0.112	-0.297
0	-0.216	-0.002	-0.277
0	-0.198	0.054	-0.259
0	-0.192	0.042	-0.248
0	-0.197	-0.007	-0.248
0	-0.208	-0.044	-0.257
0	-0.215	-0.04	-0.265
0	-0.211	-0.001	-0.255
0	-0.192	0.046	-0.214
0	-0.163	0.082	-0.138
0	-0.143	0.107	-0.042
0	-0.146	0.132	0.051
0	-0.17	0.167	0.12
0	-0.19	0.205	0.157
0	-0.175	0.234	0.171
0	-0.106	0.236	0.181
0	0.011	0.195	0.2
0	0.15	0.103	0.226
0	0.28	-0.026	0.249
0	0.384	-0.161	0.259
0	0.464	-0.262	0.256
0	0.537	-0.314	0.246
0	0.611	-0.328	0.235
0	0.683	-0.318	0.218
0	0.738	-0.281	0.187
0	0.762	-0.205	0.138
0	0.758	-0.094	0.087
0	0.741	0.021	0.059
0	0.728	0.105	0.069
0	0.726	0.142	0.116
0	0.737	0.143	0.18
0	0.757	0.123	0.243
0	0.782	0.091	0.287
0	0.81	0.051	0.307
0	0.836	0.01	0.297
0	0.854	-0.012	0.261
0	0.855	0.005	0.203
0	0.833	0.073	0.125
0	0.786	0.186	0.034
0	0.725	0.318	-0.059
0	0.674	0.434	-0.138
0	0.651	0.507	-0.186
0	0.663	0.528	-0.19
0	0.703	0.502	-0.149
0	0.756	0.438	-0.074
0	0.808	0.347	0.017
0	0.849	0.247	0.104
0	0.87	0.172	0.171
0	0.866	0.153	0.211
0	0.837	0.195	0.222
0	0.792	0.266	0.219
0	0.747	0.318	0.221
0	0.713	0.318	0.243
0	0.686	0.274	0.289
0	0.652	0.22	0.348
0	0.6	0.195	0.403
0	0.531	0.217	0.442
0	0.457	0.279	0.465
0	0.392	0.356	0.483
0	0.345	0.42	0.506
0	0.316	0.457	0.532
0	0.297	0.477	0.549
0	0.282	0.492	0.543
0	0.267	0.508	0.512
0	0.25	0.514	0.466
0	0.234	0.504	0.419
0	0.216	0.482	0.384
0	0.192	0.469	0.363
0	0.153	0.477	0.353
0	0.093	0.497	0.345
0	0.013	0.513	0.328
0	-0.078	0.52	0.3
0	-0.168	0.531	0.263
0	-0.242	0.562	0.226
0	-0.288	0.605	0.204
0	-0.302	0.632	0.208
0	-0.293	0.615	0.237
0	-0.277	0.555	0.279
0	-0.268	0.475	0.316
0	-0.274	0.406	0.333
0	-0.291	0.374	0.326
0	-0.315	0.388	0.293
0	-0.342	0.437	0.239
0	-0.374	0.482	0.173
0	-0.412	0.482	0.109
0	-0.452	0.42	0.063
0	-0.492	0.326	0.046
0	-0.529	0.257	0.065
0	-0.562	0.257	0.113
0	-0.587	0.323	0.178
0	-0.597	0.414	0.247
0	-0.586	0.491	0.316
0	-0.557	0.541	0.386
0	-0.525	0.566	0.46
0	-0.508	0.557	0.536
0	-0.521	0.492	0.606
0	-0.564	0.377	0.659
0	-0.629	0.264	0.683
0	-0.703	0.224	0.672
0	-0.77	0.276	0.634
0	-0.818	0.366	0.58
0	-0.844	0.419	0.522
0	-0.855	0.42	0.47
0	-0.867	0.42	0.431
0	-0.884	0.462	0.408
0	-0.895	0.53	0.401
0	-0.889	0.571	0.403
0	-0.86	0.548	0.404
0	-0.814	0.464	0.398
0	-0.765	0.347	0.379
0	-0.731	0.229	0.347
0	-0.724	0.135	0.301
0	-0.751	0.091	0.24
0	-0.806	0.126	0.169
0	-0.869	0.248	0.101
0	-0.917	0.425	0.053
0	-0.935	0.596	0.033
0	-0.928	0.711	0.033
0	-0.913	0.776	0.03
0	-0.903	0.819	0.007
0	-0.9	0.854	-0.038
0	-0.89	0.86	-0.095
0	-0.867	0.82	-0.155
0	-0.83	0.743	-0.217
0	-0.79	0.662	-0.279
0	-0.754	0.607	-0.337
0	-0.732	0.585	-0.379
0	-0.728	0.591	-0.393
0	-0.746	0.613	-0.373
0	-0.777	0.635	-0.324
0	-0.804	0.632	-0.255
0	-0.806	0.578	-0.18
0	-0.779	0.47	-0.105
0	-0.74	0.341	-0.04
0	-0.722	0.233	0.009
0	-0.753	0.168	0.043
0	-0.837	0.134	0.065
0	-0.956	0.108	0.091
0	-1.086	0.08	0.128
0	-1.205	0.059	0.175
0	-1.301	0.057	0.216
0	-1.369	0.07	0.236
0	-1.406	0.082	0.237
0	-1.414	0.086	0.232
0	-1.395	0.091	0.238
0	-1.359	0.113	0.257
0	-1.31	0.14	0.281
0	-1.253	0.135	0.298
0	-1.191	0.064	0.303
0	-1.133	-0.071	0.296
0	-1.09	-0.223	0.281
0	-1.07	-0.334	0.263
0	-1.072	-0.372	0.247
0	-1.087	-0.343	0.239
0	-1.1	-0.274	0.247
0	-1.105	-0.195	0.276
0	-1.1	-0.124	0.319
0	-1.087	-0.077	0.362
0	-1.071	-0.072	0.388
0	-1.058	-0.11	0.384
0	-1.054	-0.166	0.349
0	-1.064	-0.204	0.289
0	-1.081	-0.203	0.217
0	-1.09	-0.174	0.143
0	-1.076	-0.138	0.074
0	-1.034	-0.103	0.01
0	-0.975	-0.065	-0.05
0	-0.914	-0.021	-0.108
0	-0.867	0.032	-0.16
0	-0.84	0.095	-0.201
0	-0.829	0.171	-0.224
0	-0.827	0.251	-0.222
0	-0.825	0.315	-0.191
0	-0.815	0.337	-0.129
0	-0.793	0.309	-0.043
0	-0.766	0.246	0.057
0	-0.745	0.187	0.157
0	-0.74	0.156	0.241
0	-0.753	0.148	0.305
0	-0.774	0.129	0.355
0	-0.79	0.078	0.399
0	-0.791	0.008	0.439
0	-0.78	-0.042	0.472
0	-0.767	-0.042	0.488
0	-0.762	0.008	0.482
0	-0.768	0.083	0.449
0	-0.77	0.14	0.393
0	-0.748	0.134	0.32
0	-0.683	0.036	0.242
0	-0.579	-0.124	0.174
0	-0.458	-0.259	0.123
0	-0.351	-0.284	0.089
0	-0.272	-0.192	0.067
0	-0.218	-0.056	0.051
0	-0.178	0.049	0.044
0	-0.153	0.104	0.047
0	-0.147	0.13	0.056
0	-0.162	0.142	0.059
0	-0.192	0.141	0.044
0	-0.228	0.132	0.004
0	-0.261	0.133	-0.053
0	-0.283	0.145	-0.112
0	-0.295	0.153	-0.163
0	-0.309	0.145	-0.201
0	-0.344	0.123	-0.226
0	-0.396	0.102	-0.23
0	-0.436	0.098	-0.199
0	-0.424	0.115	-0.129
0	-0.351	0.142	-0.043