05:50:19:421 -405.98865 -36.469864 -96.17949
05:50:19:437 -262.34824 -63.27038 -92.84153
05:50:19:454 -204.70695 -55.21331 -33.857822
05:50:19:471 -151.50685 -58.536293 -11.379814
05:50:19:505 -119.29007 -55.831528 11.7741585
05:50:19:521 -88.91962 -40.068222 10.185528
05:50:19:531 -69.22028 -21.90287 -25.946045
05:50:19:553 -39.669777 -39.166523 -23.630047
05:50:19:571 13.276553 -48.572014 -14.49852
05:50:19:591 8.705831 -55.138683 2.1921158
05:50:19:613 12.327862 -33.95922 56.151676
05:50:19:631 4.4991255 -29.465889 58.137703
05:50:19:651 -12.873316 -41.76922 35.59227
05:50:19:674 41.609215 -70.191444 29.048443
05:50:19:691 2.06604 -43.89448 30.900478
05:50:19:710 47.431385 -48.523533 -7.267189
05:50:19:732 27.984928 -23.49546 -37.801266
05:50:19:751 -17.835903 16.255833 -6.489849
05:50:19:771 12.164092 -9.5973015 4.0021896
05:50:19:792 67.00232 -10.742521 41.318607
05:50:19:811 58.007313 -20.661163 52.400684
05:50:19:830 27.251661 -37.406994 113.365746
05:50:19:853 25.057554 -3.8758993 72.68762
05:50:19:870 56.822098 8.391809 49.147606
05:50:19:890 86.44768 -14.547706 13.84306
05:50:19:913 75.67056 -38.070965 -11.144352
05:50:19:931 111.103546 -19.347322 36.671543
05:50:19:951 149.60165 7.6987267 34.89189
05:50:19:973 240.73587 75.68872 -68.24055
05:50:19:991 266.90698 88.899185 -91.560074
05:50:20:011 239.00067 129.15659 -114.42962
05:50:20:034 148.86977 203.11865 -151.4963
05:50:20:052 248.38667 166.90039 -104.34132
05:50:20:072 240.657 68.77911 -34.821415
05:50:20:094 140.8093 57.513332 -42.222786
05:50:20:112 103.4534 84.702156 147.612
05:50:20:132 -47.86892 27.346373 -96.820496
05:50:20:154 44.642567 -8.003473 -69.98625
05:50:20:172 1.4280558 6.8136215 -33.578587
05:50:20:192 -27.205776 2.3862362 17.000198
05:50:20:214 -30.384016 5.739832 -40.606163
05:50:20:232 -2.6629686 -8.624554 -62.17394
05:50:20:252 0.16813278 -0.0041484833 -32.308815
05:50:20:275 -1.7809153 3.2528877 49.42894
05:50:20:293 -17.131186 2.0277023 11.003447
05:50:20:313 -51.055645 12.7316 1.5241623
05:50:20:336 -22.264935 16.697693 -1.4622688
05:50:20:354 3.8322926 -34.144257 -35.83889
05:50:20:373 -28.538609 -24.825382 -43.80298
05:50:20:395 -39.68656 -29.628944 8.246136
05:50:20:413 -32.13234 -15.08379 28.24111
05:50:20:433 -20.53423 -40.798355 35.80928
05:50:20:455 -53.586533 -148.71313 -20.770359
05:50:20:473 5.207801 -163.02518 -114.49423
05:50:20:493 -26.288963 -56.676483 -2.7199268
05:50:20:515 -28.69284 -25.037718 191.08992
05:50:20:533 -22.571205 -47.612236 202.09827
05:50:20:553 -8.671403 -41.346 149.61137
05:50:20:576 37.309074 -62.57427 123.90308
05:50:20:593 83.479 -116.907585 9.4807625
05:50:20:613 143.7831 -209.02588 -170.74098
05:50:20:635 220.75768 -151.51427 -240.02547
05:50:20:652 160.89969 -86.15923 -81.50067
05:50:20:672 -9.765124 -75.63137 105.8465
05:50:20:693 -152.23477 -9.554929 146.92831
05:50:20:712 -225.22049 -46.14388 127.31123
05:50:20:731 -268.6688 -12.014646 93.038086
05:50:20:754 -246.92255 -7.3132095 60.44779
05:50:20:772 -106.5556 -92.23601 96.81835
05:50:20:793 -25.674927 -96.965385 119.01932
05:50:20:815 -113.24626 -119.13693 77.78511
05:50:20:833 202.27069 -322.2868 -356.29114
05:50:20:853 -23.787617 -86.20782 68.170456
05:50:20:875 74.05932 -152.86165 114.297485
05:50:20:893 19.598246 -44.140182 221.11188
05:50:20:913 -99.82121 -57.9141 96.824936
05:50:20:936 -142.10812 -119.88339 -27.121925
05:50:20:953 -73.65422 -78.47638 -185.6575
05:50:20:973 146.60118 -126.37308 67.72499
05:50:20:995 93.14666 -90.37211 -1.3671875
05:50:21:013 68.00492 -29.392265 -39.402103
05:50:21:033 53.063118 18.050789 -86.68575
05:50:21:055 -32.059334 61.94303 -53.259087
05:50:21:073 -69.31903 69.09171 -25.75159
05:50:21:092 37.82573 26.158989 -1.6386032
05:50:21:115 7.2755456 32.61124 -19.8905
05:50:21:133 -22.71931 74.932205 0.17719269
05:50:21:154 -26.41176 66.45819 -2.5398254
05:50:21:175 -44.88063 43.781006 -39.191055
05:50:21:192 -110.22279 92.87049 32.43065
05:50:21:212 -35.88727 49.39593 77.66094
05:50:21:235 56.717907 -30.970705 70.55655
05:50:21:253 -6.1504602 -31.863617 125.40035
05:50:21:273 -58.743668 -64.757 28.300476
05:50:21:295 -122.27093 47.60469 32.408905
05:50:21:313 -74.44862 70.83743 10.603809
05:50:21:333 39.08522 82.9112 -39.593887
05:50:21:355 49.08159 70.1598 -76.68743
05:50:21:373 52.09859 81.0283 -56.369877
05:50:21:394 39.954994 56.0117 -53.140736
05:50:21:415 11.852085 42.319317 -26.61457
05:50:21:433 1.8199921 25.427605 -14.396191
05:50:21:453 4.9037457 48.6903 -31.820393
05:50:21:475 -8.527231 29.56668 -31.011105
05:50:21:493 -23.29439 18.09863 -7.570076
05:50:21:513 -10.016126 20.79979 -7.9714775
05:50:21:535 18.228352 30.622396 -6.9517136
05:50:21:553 9.602594 9.557644 -8.434486
05:50:21:573 -10.5144205 -9.592665 -3.4914017
05:50:21:595 -27.37419 -15.33581 11.189365
05:50:21:612 -2.553612 -11.31094 18.911648
05:50:21:633 5.4272413 16.04325 -18.390465
05:50:21:655 -13.471609 17.623148 0.99401474
05:50:21:673 -27.82452 -4.672596 13.820076
05:50:21:692 -36.433727 -4.312703 30.5933
05:50:21:714 -16.888296 18.194082 7.0443153
05:50:21:732 -4.5081673 19.343815 1.2300491
05:50:21:752 -3.60654 22.370565 17.456722
05:50:21:775 -4.226029 18.854162 29.288673
05:50:21:793 -13.915634 17.381832 11.363792
05:50:21:813 -23.199654 1.4552369 8.899498
05:50:21:835 -30.052244 10.549747 -8.39529
05:50:21:853 -20.594042 21.464655 -12.270927
05:50:21:873 -3.6419213 51.840816 -36.249542
05:50:21:895 9.15361 42.62191 -28.808117
05:50:21:913 17.857695 -15.511847 -1.7853737
05:50:21:933 -0.46257377 -10.877141 -1.6199112
05:50:21:955 -51.511772 133.80551 -57.034588
05:50:21:972 10.698462 27.554495 -30.495834
05:50:21:992 32.30998 -65.874176 54.710197
05:50:22:014 9.758454 0.5493283 31.317902
05:50:22:031 -17.093689 41.046364 -3.102398
05:50:22:051 -21.719715 30.155504 -41.364956
05:50:22:073 -34.61455 65.30594 -10.490036
05:50:22:099 -5.8558555 42.093025 -13.946724
05:50:22:111 13.511804 33.29133 19.106293
05:50:22:133 29.580557 63.409126 -18.617916
05:50:22:151 -21.347916 24.102962 -13.170528
05:50:22:171 -45.426548 -4.66038 54.20475
05:50:22:193 -32.510395 -16.75316 56.005573
05:50:22:274 -14.324257 -9.763229 36.95116
05:50:22:276 5.9709163 26.09235 -1.8518448
05:50:22:277 18.376213 11.10524 -49.941635
05:50:22:278 -0.23930371 -17.740143 -32.2917
05:50:22:291 14.55729 -38.32641 -9.169197
05:50:22:313 72.173096 -34.49198 -27.255726
05:50:22:331 92.98221 -48.28012 -72.180084
05:50:22:351 74.5773 3.5151362 -77.47298
05:50:22:376 51.42554 20.625507 -58.530617
05:50:22:391 18.73002 20.71433 -69.04335
05:50:22:411 12.302423 38.40724 -79.56056
05:50:22:433 9.458852 29.95962 -49.474335
05:50:22:451 17.910349 -40.007317 81.09198
05:50:22:471 -10.955262 -98.27938 201.6345
05:50:22:493 23.606384 -87.05135 132.00168
05:50:22:511 39.954723 -45.315247 92.57641
05:50:22:531 19.322014 -22.07809 41.11595
05:50:22:553 -34.343315 -38.732094 72.7335
05:50:22:571 -61.760666 -31.17722 48.609734
05:50:22:591 -50.749325 10.493493 -0.18672943
05:50:22:613 -2.2910595 56.088745 -29.838371
05:50:22:631 36.47555 38.933193 -33.830833
05:50:22:651 67.68038 28.848053 -12.507439
05:50:22:673 61.805977 13.884419 -61.72228
05:50:22:691 54.99952 -4.790449 -39.22615
05:50:22:711 54.342876 -25.093525 -68.54
05:50:22:734 15.70071 35.85544 -88.926506
05:50:22:752 39.37645 57.607197 -106.384895
05:50:22:771 62.91404 43.404175 -118.2447
05:50:22:793 152.42313 71.882484 -69.503784
05:50:22:811 126.53551 -42.86201 -89.12286
05:50:22:831 137.04677 -38.31198 -23.221302
05:50:22:853 150.81894 -77.38583 -18.768549
05:50:22:871 144.981 -95.620056 -27.465057
05:50:22:891 112.92014 -78.986084 -20.05663
05:50:22:913 79.41823 -56.67644 3.108883
05:50:22:931 57.02214 -59.132175 -14.177084
05:50:22:953 50.59781 -27.002293 -9.617758
05:50:22:975 64.037895 1.3832055 -100.209
05:50:22:991 109.459114 47.268185 -53.15976
05:50:23:011 119.55481 58.884167 -21.84124
05:50:23:033 95.64381 78.32868 11.066771
05:50:23:052 79.57969 119.16783 32.221558
05:50:23:073 86.840294 85.948715 -1.9963264
05:50:23:095 121.38014 96.91565 6.8307877
05:50:23:114 137.32791 49.95047 11.977005
05:50:23:132 120.588684 40.535007 -15.318871
05:50:23:154 86.31921 111.343315 5.3667545
05:50:23:172 81.31409 144.81337 14.828205
05:50:23:192 76.92685 158.75612 13.011837
05:50:23:215 119.19556 33.34086 66.91432
05:50:23:233 75.62761 135.85164 74.21799
05:50:23:253 35.027027 42.98241 -27.202606
05:50:23:275 -44.572784 35.1521 9.842396
05:50:23:293 -70.90192 81.17881 -32.541466
05:50:23:313 -44.27128 100.378296 -48.826645
05:50:23:336 -19.902134 22.648502 -103.99408
05:50:23:354 18.93897 31.909824 -95.07084
05:50:23:374 62.653587 -25.613857 -74.141266
05:50:23:396 58.55069 -54.968643 -89.193535
05:50:23:413 67.14401 -28.651546 -85.72049
05:50:23:433 60.419178 -10.47101 -96.54155
05:50:23:456 -7.9779625 23.993778 -88.917305
05:50:23:473 19.66734 65.356636 -112.89001
05:50:23:493 -8.591938 85.230545 -166.5457
05:50:23:515 -94.79132 40.98549 -256.01495
05:50:23:534 -169.49706 -12.990141 -246.37656
05:50:23:554 -117.40117 -63.832355 -133.8924
05:50:23:576 -39.52303 -72.518585 -118.98952
05:50:23:593 47.29686 0.98006725 -163.38054
05:50:23:614 106.4095 63.992928 -178.78146
05:50:23:635 96.811676 52.15206 -196.46538
05:50:23:653 73.61851 46.318672 -166.94095
05:50:23:673 34.185886 32.649467 -101.94833
05:50:23:696 3.4060478 -6.0595036 -82.51637
05:50:23:713 -27.538824 -68.63107 -52.413624
05:50:23:734 -74.32204 -94.170975 -68.3637
05:50:23:755 -73.057175 -58.48107 -84.18842
05:50:23:774 -56.530334 39.217495 -137.45511
05:50:23:793 -26.836252 27.351618 -113.986465
05:50:23:815 -27.406836 33.7569 -69.54493
05:50:23:834 -15.029955 38.88111 -0.66339374
05:50:23:854 30.11527 54.47302 51.377167
05:50:23:876 -33.94499 81.50372 80.55939
05:50:23:894 14.408636 191.04605 -44.1568
05:50:23:913 46.387527 268.71973 -107.536766
05:50:23:936 -18.437147 295.61496 -71.47223
05:50:23:957 -91.36653 383.78772 -267.1078
05:50:23:974 -156.98862 399.9281 -351.59647
05:50:23:996 -242.4315 230.87549 142.03061
05:50:24:015 -97.40806 10.588741 362.05444
05:50:24:033 -136.15518 32.605267 73.009575
05:50:24:056 -115.819695 50.98467 11.096789
05:50:24:073 -82.12094 140.77263 -212.35356
05:50:24:093 -383.27338 -31.613064 -60.895466
05:50:24:115 66.88814 5.739403 248.36523
05:50:24:133 -179.02148 24.320412 25.921328
05:50:24:153 -52.809357 -13.488865 72.07031
05:50:24:176 31.879282 1.0845184 10.536924
05:50:24:194 70.70732 105.449486 -52.097725
05:50:24:212 89.70261 104.4715 -32.86725
05:50:24:234 58.545685 -36.13653 -6.94806
05:50:24:254 11.209774 -73.5385 34.66537
05:50:24:273 55.895615 -1.1766434 -31.837261
05:50:24:295 0.278759 -63.38396 -19.148926
05:50:24:314 -23.145103 -67.94605 -26.811659
05:50:24:333 10.215187 -35.58569 -30.26026
05:50:24:357 58.547737 -4.334259 -10.6087265
05:50:24:373 36.303375 -54.609013 -6.7631035
05:50:24:393 12.378597 -67.05532 11.636755
05:50:24:415 -4.4627666 -151.52225 -74.77753
05:50:24:436 -41.30397 -191.51373 -43.349415
05:50:24:453 -115.59779 -185.1985 -18.78155
05:50:24:475 -181.16219 -143.17865 -27.283924
05:50:24:493 -107.96216 -73.74454 -44.04601
05:50:24:513 -45.188187 205.14082 -120.85608
05:50:24:536 77.62542 409.478 -194.75436
05:50:24:553 82.78685 224.1497 -169.78604
05:50:24:573 -43.524097 59.222984 -88.90107
05:50:24:595 -28.881454 10.2191925 -82.99644
05:50:24:614 56.767845 -27.83451 -51.45688
05:50:24:633 107.47385 67.757126 30.66275
05:50:24:655 71.61346 180.81494 36.4058
05:50:24:673 -6.684208 -16.051674 151.51996
05:50:24:693 31.237173 -97.69449 19.89025
05:50:24:715 38.972282 -65.5139 -122.95575
05:50:24:733 91.89663 -52.98567 -43.200516
05:50:24:753 89.41531 -56.945705 76.72548
05:50:24:775 74.78843 -76.77794 30.925215
05:50:24:792 60.78849 -63.720894 18.036211
05:50:24:811 51.5039 -37.18567 24.00607
05:50:24:834 57.867287 -57.522106 59.23712
05:50:24:851 36.333656 -65.171906 57.15834
05:50:24:871 32.131622 -84.12499 54.154514
05:50:24:893 15.745068 -68.25767 59.41314
05:50:24:911 0.72045326 -39.474342 48.871315
05:50:24:931 -16.662455 -12.616825 33.54234
05:50:24:954 -11.797571 -6.071043 26.642334
05:50:24:971 6.268358 19.468975 12.8860235
05:50:24:991 -8.39324 25.152302 -0.9921551
05:50:25:014 0.75559616 5.3730965 -21.671795
05:50:25:031 9.606934 -9.875631 -26.914549
05:50:25:052 65.7228 -31.843233 -34.173416
05:50:25:074 113.29708 3.065157 -28.87107
05:50:25:094 117.07048 68.53409 -31.33316
05:50:25:115 161.46222 115.35454 -31.195879
05:50:25:135 238.92336 105.50003 -6.1855793
05:50:25:151 232.12862 46.474743 74.349915
05:50:25:172 136.85971 -38.67092 156.20863
05:50:25:195 -202.15102 -40.513847 123.43457
05:50:25:214 -332.19318 105.690674 -14.645201
05:50:25:234 -406.92102 24.98293 81.1817
05:50:25:254 -277.6513 5.0460815 245.76102
05:50:25:272 -78.6561 -85.79636 -22.898312
05:50:25:292 4.4979095 -42.77897 -128.07222
05:50:25:315 146.68016 19.983196 -85.02744
05:50:25:333 192.62013 81.877045 -51.357807
05:50:25:356 129.00415 48.262882 -63.113575
05:50:25:376 60.106373 28.075504 -49.150074
05:50:25:393 -29.872465 -44.19613 21.015675
05:50:25:413 -27.345705 -75.0061 109.13577
05:50:25:435 -19.194984 -115.55205 145.15431
05:50:25:453 -48.109673 -89.376976 94.096115
05:50:25:473 -71.81606 -73.60854 53.05803
05:50:25:495 -98.442795 -50.267456 31.528526
05:50:25:513 -56.726933 -23.74134 6.4517064
05:50:25:533 -8.413935 9.355116 11.099166
05:50:25:555 57.052376 -2.859211 25.926569
05:50:25:573 55.218983 -26.038551 -1.2860715
05:50:25:593 30.192614 -35.196495 -19.416887
05:50:25:615 -47.482635 -40.990494 20.476381
05:50:25:633 -49.478626 -61.71522 52.19946
05:50:25:653 -35.369015 -79.827354 76.428665
05:50:25:675 14.610195 -73.24738 67.080734
05:50:25:693 60.53133 -78.70984 37.575054
05:50:25:713 84.24344 -96.48772 29.102337
05:50:25:735 40.3873 -117.6055 14.2794075
05:50:25:753 20.434237 -95.23363 24.831463
05:50:25:773 28.22299 -49.754097 53.193474
05:50:25:795 80.615616 -14.328194 63.04977
05:50:25:812 144.9401 10.373259 67.487045
05:50:25:833 242.1783 74.95522 99.95972
05:50:25:854 244.30971 117.618324 164.43777
05:50:25:872 173.22893 137.95776 238.2391
05:50:25:893 -8.712673 101.93839 206.10619
05:50:25:915 -271.87265 -23.797369 39.99958
05:50:25:933 -355.40833 -69.79656 -11.480379
05:50:25:953 -262.87396 -36.683037 13.034558
05:50:25:975 -83.11524 108.9469 23.452496
05:50:25:993 141.33081 328.50046 -118.19053
05:50:26:013 335.6364 466.4095 -378.99228
05:50:26:035 195.14851 311.45105 -312.96246
05:50:26:053 -4.010248 -194.06729 -159.38751
05:50:26:073 -340.89673 -259.45264 -85.37079
05:50:26:095 -367.53067 -227.48242 -99.32643
05:50:26:113 -239.81815 -180.64513 -138.64761
05:50:26:133 -49.53885 -131.68277 -206.88062
05:50:26:154 51.925995 14.367485 -175.27316
05:50:26:172 140.18492 118.1829 -105.74097
05:50:26:192 257.1452 98.18564 -70.80175
05:50:26:214 231.95738 35.26001 -58.9399
05:50:26:233 -59.79934 -20.252085 0.15894175
05:50:26:252 -132.88408 -79.6021 -4.278314
05:50:26:275 -86.96151 -53.52993 3.4728646
05:50:26:293 -3.29566 2.763033 10.823059
05:50:26:313 60.955383 31.707907 21.108675
05:50:26:335 47.61505 -5.855036 40.446598
05:50:26:353 28.51491 -28.435278 19.907051
05:50:26:373 20.705032 -42.66858 -28.895187
05:50:26:396 31.695795 -34.901047 -73.10863
05:50:26:413 31.102943 -16.045237 -42.01429
05:50:26:432 35.991764 -4.9829483 32.853638
05:50:26:455 40.669014 -33.48384 27.623713
05:50:26:473 35.98299 -38.27958 7.733321
05:50:26:493 23.040152 -49.77789 1.5896559
05:50:26:515 28.009224 -57.444237 16.595089
05:50:26:533 46.1586 -55.72405 28.02481
05:50:26:553 71.78755 -41.706085 38.89246
05:50:26:575 51.492214 -26.277828 33.9871
05:50:26:593 10.163975 14.796066 8.6101055
05:50:26:612 -53.353786 61.06315 -30.84569
05:50:26:635 -80.60832 84.86042 7.502508
05:50:26:653 -100.11349 86.08484 32.24326
05:50:26:672 -36.802338 -8.132029 35.563244
05:50:26:695 24.381495 -116.83383 20.02275
05:50:26:712 51.684235 -125.07148 -16.735481
05:50:26:733 77.35725 -107.910446 -29.094828
05:50:26:755 107.6644 -68.89801 -36.68381
05:50:26:773 137.27316 -7.4244976 -46.968914
05:50:26:793 204.6319 78.9135 -61.709427
05:50:26:815 319.6206 134.00134 -40.93969
05:50:26:832 358.74606 152.02193 317.0039
05:50:26:852 182.798 115.296646 145.57346
05:50:26:873 -232.82318 -24.02873 179.28453
05:50:26:891 -242.95497 -56.76522 244.37027
05:50:26:911 -222.13759 -55.755424 -98.13765
05:50:26:933 -144.5733 5.388117 -208.95023
05:50:26:952 -122.55421 -9.097433 -193.78452
05:50:26:973 -11.849403 3.6399841 -144.4928
05:50:26:995 47.0253 -12.028313 -81.6913
05:50:27:013 21.722221 -36.246967 -124.92261
05:50:27:031 -62.878273 -91.44029 1.7707229
05:50:27:054 -84.013985 -24.692106 69.98862
05:50:27:072 -99.96486 -17.646742 38.177483
05:50:27:091 -85.14352 -47.062588 38.586754
05:50:27:114 -52.216816 -59.485863 30.486315
05:50:27:131 -7.4873924 -61.37977 -0.8944869
05:50:27:151 40.554764 -60.021736 -29.446888
05:50:27:174 89.9064 -41.504955 -56.502735
05:50:27:191 81.88529 25.216341 -47.500694
05:50:27:211 3.4486294 86.25507 13.524246
05:50:27:233 -55.46985 105.205444 46.254665
05:50:27:251 -78.85342 122.089676 40.259945
05:50:27:272 -60.018112 103.99261 101.737686
05:50:27:295 -49.163723 55.612038 170.84027
05:50:27:313 -33.010056 40.08417 181.49303
05:50:27:333 -27.36578 10.423136 174.69191
05:50:27:355 -24.957323 -29.012156 136.11423
05:50:27:373 28.11122 -80.67236 106.01824
05:50:27:394 55.62568 -139.04771 38.2699
05:50:27:415 91.428375 -166.21075 9.929382
05:50:27:433 126.77445 -118.60294 -20.787788
05:50:27:452 171.33237 -63.086365 -123.51066
05:50:27:476 119.25249 -83.79741 -200.32578
05:50:27:493 -14.73465 -66.271736 -105.8627
05:50:27:512 -115.795044 -34.437798 13.570878
05:50:27:534 -132.28522 12.865114 79.23719
05:50:27:552 -95.293335 20.635366 24.889814
05:50:27:572 -41.56561 91.401245 -94.24718
05:50:27:595 65.391685 291.86197 -159.29312
05:50:27:612 168.0047 374.656 -137.01161
05:50:27:632 227.1101 347.8018 103.96002
05:50:27:655 -148.53033 35.174656 134.1182
05:50:27:673 -191.61024 -111.68594 -69.88178
05:50:27:692 -229.71349 -169.41338 -136.54462
05:50:27:715 -177.25835 -170.19977 -55.98701
05:50:27:733 -80.13015 -127.1574 -14.142889
05:50:27:753 24.579811 -9.211159 -41.769485
05:50:27:775 172.89743 16.382265 -67.51007
05:50:27:791 210.1462 21.533632 -64.7344
05:50:27:811 158.53987 -33.340168 -76.68798
05:50:27:833 8.650494 -104.24661 -43.153893
05:50:27:852 12.475109 -108.10623 -32.990765
05:50:27:872 70.89043 -101.42526 -22.944868
05:50:27:895 122.411156 -135.92123 212.4522
05:50:27:912 -12.973881 -60.85148 70.16839
05:50:27:932 -51.943733 -17.268276 -132.53415
05:50:27:953 -95.5698 43.8395 -117.13675
05:50:27:971 -92.35382 101.34515 -50.61245
05:50:27:990 -77.330826 125.513885 -25.741219
05:50:28:013 -85.99896 164.19458 -42.23721
05:50:28:030 -82.781746 118.52231 -14.444041
05:50:28:051 -39.98413 72.024345 30.584002
05:50:28:074 -35.818195 -31.447506 30.405008
05:50:28:091 10.2285385 -53.314686 30.644894
05:50:28:111 47.831963 -54.910423 24.515915
05:50:28:135 65.84763 -75.53277 17.888844
05:50:28:153 36.588623 -60.426235 13.161826
05:50:28:173 26.589346 -19.035053 -3.0700088
05:50:28:195 31.80623 7.373905 -1.3067603
05:50:28:213 31.191301 4.7498703 20.407307
05:50:28:233 67.666916 -30.486107 64.21135
05:50:28:256 90.90958 -70.74208 36.42881
05:50:28:274 66.215225 -108.30994 -1.6952157
05:50:28:293 50.290585 -140.85435 16.265684
05:50:28:316 36.21006 -107.32028 -8.248615
05:50:28:333 30.117226 -47.93091 -57.357525
05:50:28:353 9.919739 27.54569 -105.264046
05:50:28:376 60.99291 102.86727 -123.2858
05:50:28:393 223.28911 198.36826 -1.8999457
05:50:28:414 242.60635 273.61978 95.78336
05:50:28:435 -63.538933 289.57483 39.276016
05:50:28:452 -63.855934 120.37392 56.70435
05:50:28:472 -120.422935 -30.310106 196.29857
05:50:28:494 -73.54488 -42.636154 131.94685
05:50:28:513 -84.311005 10.711861 87.36099
05:50:28:533 -99.24478 63.54208 31.963486
05:50:28:555 -35.341167 30.147123 -44.34204
05:50:28:573 -76.92461 90.00812 -96.9586
05:50:28:593 -61.92279 48.063755 -53.24105
05:50:28:615 -16.97607 -50.041435 -15.393877
05:50:28:633 -43.269875 -78.14999 2.0505488
05:50:28:653 -84.79991 -95.273636 76.916435
05:50:28:675 -95.99662 -132.72382 87.58286
05:50:28:693 -41.553543 -148.3183 83.282684
05:50:28:713 8.513308 -92.988014 166.61107
05:50:28:735 4.703665 -94.885345 127.35104
05:50:28:754 -33.58774 -67.288925 56.676937
05:50:28:773 -50.812958 -62.06746 90.16237
05:50:28:795 -74.5533 -74.17136 84.38859
05:50:28:813 -33.018303 -83.47139 96.24218
05:50:28:833 -11.282825 -68.117905 76.22757
05:50:28:855 -30.479002 -24.9969 76.68848
05:50:28:873 -99.8507 3.1790257 78.20649
05:50:28:893 -146.7287 23.038197 41.878677
05:50:28:915 -147.26352 58.271263 26.415873
05:50:28:933 -117.81082 78.987595 22.665047
05:50:28:952 -68.00737 57.635353 23.11213
05:50:28:974 -4.221916 27.528715 31.323004
05:50:28:994 46.423386 27.38614 41.72256
05:50:29:012 85.5988 20.568085 59.04467
05:50:29:036 88.01632 20.859957 96.462036
05:50:29:053 120.213936 8.643198 105.326294
05:50:29:073 218.18347 13.426971 165.2833
05:50:29:096 256.14355 22.425652 133.18434
05:50:29:112 122.16873 63.33599 106.93054
05:50:29:133 -91.89157 38.41009 17.35549
05:50:29:155 -147.64005 -28.64995 -49.516033
05:50:29:172 -48.199177 44.311287 -176.56535
05:50:29:191 429.18616 549.73926 -239.8964
05:50:29:215 445.44086 703.9278 55.555107
05:50:29:233 51.226234 -7.8443527 61.2998
05:50:29:253 -221.62299 -360.24503 -17.99984
05:50:29:275 -396.99704 -237.24585 -575.80945
05:50:29:293 -439.03528 -287.29156 -700.0751
05:50:29:313 -331.69092 -309.32318 -354.5355
05:50:29:335 -47.76106 -169.11783 -134.9918
05:50:29:353 188.57689 -65.38143 -18.926418
05:50:29:373 405.0377 113.95331 -40.80776
05:50:29:395 334.56497 57.64279 -128.80028
05:50:29:413 -11.233139 17.765999 -148.24414
05:50:29:433 -199.18776 -58.57315 -139.09032
05:50:29:455 -167.9696 -25.022745 -57.44896
05:50:29:473 -39.753914 -11.398792 65.709816
05:50:29:493 69.13948 -18.504572 177.07014
05:50:29:515 137.09998 -19.017601 164.64116
05:50:29:533 124.045654 0.49238205 95.70303
05:50:29:553 52.88334 22.229671 37.487865
05:50:29:575 -14.198256 1.8857479 13.517684
05:50:29:593 -12.50782 -55.187843 14.453441
05:50:29:613 11.063385 -56.600525 -14.295411
05:50:29:635 44.47756 -38.384914 -32.697487
05:50:29:653 73.50731 -59.247734 -0.8744478
05:50:29:673 32.373047 -62.14695 56.76303
05:50:29:694 -10.686016 -35.54344 42.72884
05:50:29:711 10.796833 -12.153721 21.349758
05:50:29:731 12.276745 12.495899 5.587286
05:50:29:755 -7.4173927 -18.926048 -11.045069
05:50:29:773 -0.7622719 -49.0438 -17.838531
05:50:29:793 -1.7591476 -74.09568 -5.076808
05:50:29:815 43.60504 -76.70686 -2.1460295
05:50:29:833 78.74718 -78.2212 -4.589957
05:50:29:853 91.729065 -61.61926 -52.132095
05:50:29:875 108.43544 -92.00926 -70.05389
05:50:29:892 26.987267 -92.953156 39.72788
05:50:29:911 -48.514557 59.525345 196.12534
05:50:29:934 248.1183 227.28667 -9.932804
05:50:29:951 397.8899 428.34387 174.59328
05:50:29:973 69.498825 556.05286 122.818924
05:50:29:994 -179.80605 235.86998 336.7249
05:50:30:012 -215.29002 -29.4703 7.1589527
05:50:30:031 -265.8961 -8.061361 -109.77266
05:50:30:054 -250.45065 133.7596 -161.17871
05:50:30:072 -244.60674 129.99277 -165.14441
05:50:30:091 -69.650795 -0.013065338 -73.69522
05:50:30:115 13.426065 -88.69438 75.506294
05:50:30:133 52.305412 -148.33841 92.201004
05:50:30:153 56.40154 -221.14568 111.494576
05:50:30:175 -24.02544 -223.65283 91.68571
05:50:30:193 -75.15059 -217.23064 37.53022
05:50:30:212 -133.09798 -77.24733 -61.14981
05:50:30:234 -114.71467 -33.832695 -94.50685
05:50:30:253 -33.54297 -60.202934 -15.652836
05:50:30:273 -17.448807 -56.781723 42.067196
05:50:30:294 -25.068474 -36.99756 61.810432
05:50:30:311 -38.05971 -50.093033 22.249382
05:50:30:333 -76.03478 -18.23864 -21.4666
05:50:30:355 -165.98434 -15.357065 -36.519024
05:50:30:373 -205.19035 9.933233 6.6031337
05:50:30:394 -208.78152 8.32963 39.185436
05:50:30:415 -110.52036 -53.863525 72.52987
05:50:30:433 15.782547 -41.36696 99.58852
05:50:30:453 252.62814 -20.451784 158.9692
05:50:30:475 550.90045 -113.09013 271.78955
05:50:30:494 836.82916 -233.36244 272.02112
05:50:30:514 868.66705 -193.58546 395.9425
05:50:30:535 256.30246 25.372623 465.77362
05:50:30:553 -184.55447 99.5965 83.77361
05:50:30:573 -488.77985 46.92352 -139.2718
05:50:30:595 -531.6157 -91.94357 -201.63374
05:50:30:612 -432.9543 -12.261415 -170.88408
05:50:30:632 -30.12762 484.17764 -48.597954
05:50:30:656 695.71277 873.09265 -660.81525
05:50:30:673 468.26935 242.98724 -627.871
05:50:30:692 -259.38855 -103.45802 -200.6181
05:50:30:715 -653.80365 -149.42303 -49.017048
05:50:30:733 -573.8016 -188.49353 -8.758465
05:50:30:752 -354.45932 -169.18288 -169.62593
05:50:30:775 -76.70212 -51.642464 -135.31764
05:50:30:792 134.58575 70.738075 -124.726746
05:50:30:813 377.74277 259.81656 -192.48772
05:50:30:834 353.33594 71.858406 -170.07968
05:50:30:852 10.679054 -47.095203 -78.40962
05:50:30:871 -110.978935 -148.77052 6.4189672
05:50:30:895 -131.6886 -185.8646 113.3564
05:50:30:913 -51.52755 -133.17676 242.76945
05:50:30:933 129.44183 -77.427055 303.58606
05:50:30:955 224.41644 -32.44419 -36.016304
05:50:30:972 201.5605 -86.09953 -118.4547
05:50:30:993 20.656586 -66.58111 55.02207
05:50:31:014 -30.785656 -94.06333 75.622086
05:50:31:031 -52.593708 -66.24823 17.209185
05:50:31:051 -62.18686 -29.247332 -36.22511
05:50:31:074 -20.635033 33.490086 29.248676
05:50:31:091 -4.249382 68.165115 41.786976
05:50:31:110 -21.59605 66.21619 25.384819
05:50:31:133 -73.20714 34.01027 -1.3363898
05:50:31:151 -79.25224 6.138611 3.336352
05:50:31:171 -24.901915 8.741713 -45.599495
05:50:31:193 -1.1504173 23.082876 -81.6835
05:50:31:211 -24.479961 44.324448 -83.35175
05:50:31:231 -36.24811 77.21572 -74.15154
05:50:31:254 -16.548252 6.225395 -98.77888
05:50:31:272 25.261354 -58.420086 -103.923584
05:50:31:292 122.875595 -7.853031 -99.99457
05:50:31:314 226.05896 -14.327192 -52.22206
05:50:31:333 222.22023 -109.91431 44.033157
05:50:31:354 50.975418 -139.64781 323.88028
05:50:31:374 271.5885 11.4432335 298.5619
05:50:31:391 466.2755 171.77371 -16.859037
05:50:31:411 -3.551197 236.63774 313.85803
05:50:31:434 -250.88788 224.74547 287.67096
05:50:31:452 -258.55597 214.27393 -103.52938
05:50:31:471 -250.70787 276.38425 -222.26605
05:50:31:495 -312.80984 188.92831 -354.4146
05:50:31:513 -220.55884 90.04088 -193.69847
05:50:31:532 12.604904 -24.88761 -42.71518
05:50:31:555 243.38208 -130.62134 209.46927
05:50:31:572 151.60875 -168.66365 225.4211
05:50:31:592 50.22497 -276.28888 27.677912
05:50:31:614 -98.113396 -222.94652 -22.678493
05:50:31:632 -234.78899 -86.225555 3.692992
05:50:31:652 -232.652 -1.174593 8.50911
05:50:31:675 -157.00726 4.6150208 -1.6205579
05:50:31:692 -114.87942 -47.641228 59.422363
05:50:31:712 -120.06016 -67.22736 60.562748
05:50:31:734 -110.41379 -67.95602 -1.7338023
05:50:31:752 -144.4528 -54.939415 -27.819836
05:50:31:772 -150.23135 -47.399284 -21.681244
05:50:31:794 -193.16258 -48.071194 -24.815132
05:50:31:812 -169.8534 -62.20813 -10.466549
05:50:31:832 -74.01466 -77.92316 50.813232
05:50:31:855 118.34774 24.81308 202.50356
05:50:31:871 377.96875 70.417496 313.89566
05:50:31:891 798.85187 -7.066393 490.54398
05:50:31:913 1198.9587 -378.0107 444.34308
05:50:31:931 645.4212 -320.4135 340.34265
05:50:31:951 -107.323746 52.62642 267.10248
05:50:31:974 -489.24643 79.45182 -62.713097
05:50:31:991 -596.1555 -56.72691 -226.00603
05:50:32:011 -430.9543 4.994011 -139.24022
05:50:32:033 178.52927 664.81506 59.8464
05:50:32:053 826.8199 810.73724 -670.4054
05:50:32:070 55.800056 88.71255 -640.7147
05:50:32:093 -603.15497 -97.20383 -126.423096
05:50:32:110 -743.5957 -216.24794 -86.77283
05:50:32:131 -538.7548 -259.76685 -44.326263
05:50:32:152 -218.77534 -177.16675 -302.08746
05:50:32:170 -24.659777 98.2687 -219.64264
05:50:32:190 273.33136 321.29865 -183.95041
05:50:32:213 600.59985 229.26535 -201.36673
05:50:32:231 241.43542 30.753374 -91.180565
05:50:32:251 -21.187115 -121.35234 45.81158
05:50:32:273 -150.26288 -205.3031 59.251213
05:50:32:291 -105.27005 -186.26985 50.848736
05:50:32:312 -34.798195 -125.07315 107.71868
05:50:32:334 88.235855 -38.956596 163.74945
05:50:32:351 120.96414 -3.5832405 35.80321
05:50:32:372 48.11964 -26.426268 -51.230442
05:50:32:393 -19.92464 -38.7629 19.734455
05:50:32:412 -49.076416 -36.565018 4.295039
05:50:32:431 -53.626823 -33.465958 -6.332612
05:50:32:454 -11.297035 -23.899603 -30.349636
05:50:32:472 12.606716 4.2484283 -36.34685
05:50:32:491 23.49329 4.164934 9.614002
05:50:32:514 -1.8918037 -13.332224 59.21599
05:50:32:532 18.21537 -37.0986 45.26583
05:50:32:552 20.12701 -14.163971 13.9937935
05:50:32:575 24.912548 20.6563 -37.45663
05:50:32:593 -41.93802 29.932976 -38.01006
05:50:32:613 -91.779236 54.78468 1.5794635
05:50:32:636 0.12874603 -29.341364 -52.751266
05:50:32:654 58.140278 -52.395916 -52.544285
05:50:32:672 148.22101 -19.889402 -61.76425
05:50:32:694 196.91754 -22.998571 -50.177574
05:50:32:713 119.80028 -52.68488 70.76076
05:50:32:733 111.929794 54.580784 198.92432
05:50:32:755 303.11307 61.2865 125.6196
05:50:32:773 296.50546 30.449629 97.431015
05:50:32:793 27.274323 67.26508 546.8396
05:50:32:815 -198.8369 43.8519 193.06412
05:50:32:832 -245.45503 145.40973 4.282367
05:50:32:852 -22.252369 367.05627 -394.40683
05:50:32:874 -218.15477 431.93835 -522.3908
05:50:32:892 -183.14323 297.85672 -200.12941
05:50:32:911 -116.44249 49.80812 -110.49416
05:50:32:933 -53.696346 -243.6357 93.95265
05:50:32:951 83.8438 -305.81137 235.29121
05:50:32:971 104.80881 -312.0719 225.39215
05:50:32:993 -41.61291 -192.19495 84.35117
05:50:33:011 -181.54387 -54.345657 64.22472
05:50:33:031 -172.81714 -34.090996 -0.52810013
05:50:33:053 -183.07452 -65.38963 -49.840313
05:50:33:071 -182.46951 -106.709625 -41.596127
05:50:33:091 -171.64226 -91.49704 -19.677423
05:50:33:113 -157.42569 -13.436556 -9.229511
05:50:33:131 -165.78127 54.758118 2.3850322
05:50:33:151 -203.304 46.296547 34.47016
05:50:33:174 -131.03876 1.0273457 37.536316
05:50:33:191 -35.301254 -27.14324 26.581297
05:50:33:211 98.942856 24.830103 53.252556
05:50:33:233 332.1812 54.341652 172.85059
05:50:33:251 494.06308 -5.369854 270.2529
05:50:33:271 679.3072 -327.42725 319.82657
05:50:33:293 640.94073 -617.25214 264.2891
05:50:33:311 351.85727 -353.20993 93.63296
05:50:33:331 72.32189 13.172889 214.92355
05:50:33:353 -156.09483 179.86145 170.02342
05:50:33:372 -313.54474 198.47862 -72.1874
05:50:33:392 -434.90768 229.65343 -171.14278
05:50:33:413 -304.82922 430.62042 -36.9293
05:50:33:431 211.62347 619.9337 -113.05573
05:50:33:451 680.7158 566.81757 -109.02414
05:50:33:473 50.394344 -100.67696 -358.25125
05:50:33:491 -501.5569 -248.907 -408.80475
05:50:33:511 -757.70514 -209.66043 -231.84746
05:50:33:533 -641.0248 -257.75305 -39.90606
05:50:33:551 -335.26044 -142.22742 -152.40475
05:50:33:571 53.007553 64.35213 -251.98083
05:50:33:593 485.0596 280.37433 -249.47014
05:50:33:611 557.17926 294.40384 -181.37965
05:50:33:632 144.4478 71.75465 -33.051636
05:50:33:653 -184.01341 -15.190649 -17.630386
05:50:33:671 -269.41452 -69.23203 10.60462
05:50:33:691 -146.00186 -108.63428 55.79457
05:50:33:714 56.544018 -57.409954 -45.197533
05:50:33:731 171.4614 -16.622066 -52.63066
05:50:33:751 142.72385 -23.06633 20.14662
05:50:33:774 71.27361 -47.950554 56.149567
05:50:33:791 -9.0631485 -44.298267 7.760513
05:50:33:811 -26.979256 -72.78929 -41.294003
05:50:33:833 -30.202818 -52.293682 -23.266554
05:50:33:851 8.591461 -31.874752 4.5633316
05:50:33:871 46.13924 -13.241148 -14.737368
05:50:33:893 42.083073 -17.296886 -17.153072
05:50:33:913 35.39028 -40.844917 -16.595602
05:50:33:932 42.294884 -60.449505 -5.8063507
05:50:33:954 84.97753 -74.60089 10.486722
05:50:33:973 87.13627 -48.57125 29.650534
05:50:33:993 16.460323 -13.38191 48.42936
05:50:34:015 -73.6002 -12.237883 14.417648
05:50:34:033 -64.24336 -10.93955 -52.63245
05:50:34:052 -10.021591 0.25081635 -102.0586
05:50:34:079 28.184128 7.6707363 -93.33093
05:50:34:093 6.6493034 11.499739 -76.1971
05:50:34:113 -18.81485 -21.638489 -30.885578
05:50:34:135 -20.41502 -47.191334 52.291416
05:50:34:152 -18.05582 -15.917301 106.19124
05:50:34:172 -66.927246 3.1641483 143.18176
05:50:34:194 -80.35765 51.949165 125.654854
05:50:34:212 1.2212753 81.9747 73.32492
05:50:34:232 84.106255 83.58469 22.26696
05:50:34:255 67.85965 85.638855 17.23894
05:50:34:272 10.616112 149.72491 109.94524
05:50:34:292 -218.86745 237.9614 252.49075
05:50:34:315 -225.66104 114.5185 124.801186
05:50:34:334 -171.1433 32.428265 21.117195
05:50:34:354 -30.800343 -23.475218 24.746979
05:50:34:377 133.19029 88.866425 91.817375
05:50:34:393 91.61195 93.88666 160.79704
05:50:34:413 105.66016 -186.72858 86.881485
05:50:34:435 85.48584 -263.7334 54.56491
05:50:34:453 91.75673 -250.25287 -8.830571
05:50:34:473 75.12932 -174.15259 -149.5717
05:50:34:495 88.06848 -142.00368 -96.48078
05:50:34:513 32.14636 -84.488556 56.894768
05:50:34:533 -34.04398 -55.715275 77.886406
05:50:34:555 -99.063446 -36.144352 52.540485
05:50:34:575 -70.056725 -19.529915 30.156792
05:50:34:594 -6.4359665 9.659624 12.058288
05:50:34:615 45.418358 88.94153 25.54462
05:50:34:634 32.312298 124.4019 24.26653
05:50:34:653 -19.928646 133.80751 37.418175
05:50:34:676 -73.40555 126.39175 88.73794
05:50:34:694 -75.96326 101.11342 95.89081
05:50:34:714 -75.13628 81.465385 65.41167
05:50:34:737 -46.31801 63.44838 53.861664
05:50:34:755 -24.795723 27.965212 15.50728
05:50:34:775 -15.6226635 1.8771648 -67.275635
05:50:34:797 10.103846 -19.18478 -83.126434
05:50:34:815 -1.4940262 -5.9622765 -79.52601
05:50:34:835 -5.4090977 -13.197708 -66.49394
05:50:34:857 -48.190403 11.469173 -3.0111551
05:50:34:875 -82.990074 29.095745 -25.010878
05:50:34:895 -64.66823 15.423346 -85.324524
05:50:34:917 -60.92858 -11.412525 -42.784534
05:50:34:935 -69.04631 -21.580267 29.172771
05:50:34:954 33.25534 43.646145 148.22359
05:50:34:977 289.9745 33.959198 200.55885
05:50:34:997 363.95206 36.36136 -10.21682
05:50:35:013 181.98271 -10.560083 -412.1355
05:50:35:036 -83.49805 -86.98029 -260.37024
05:50:35:053 -166.78339 -169.95226 59.862606
05:50:35:075 -105.844734 -116.9991 407.60593
05:50:35:097 29.483223 64.80589 -119.25037
05:50:35:115 2.3254395 97.24021 -303.79797
05:50:35:135 10.09655 54.424095 -261.4264
05:50:35:156 -56.47235 8.103991 -249.93959
05:50:35:174 -33.110764 -16.501856 -155.13084
05:50:35:194 30.016327 -41.16664 -80.62464
05:50:35:216 69.02542 -87.1397 16.13946
05:50:35:234 92.18788 -115.68179 85.122894
05:50:35:254 44.444466 -89.09774 13.125765
05:50:35:276 20.998383 -48.676205 -25.509274
05:50:35:295 -7.3355675 -16.913652 19.43332
05:50:35:314 -4.7192574 -20.043325 -3.7990808
05:50:35:336 -16.225529 7.141924 45.612408
05:50:35:354 1.9598007 8.969784 29.97749
05:50:35:374 17.848873 13.305187 36.623764
05:50:35:397 36.497974 2.407837 23.169672
05:50:35:413 29.581451 -8.991623 28.112835
05:50:35:433 6.043339 -30.944538 28.044987
05:50:35:455 -12.212563 -6.750679 8.453428
05:50:35:473 -9.578609 16.052198 26.49157
05:50:35:493 11.87439 50.000908 50.690723
05:50:35:517 0.6886482 34.445953 25.037676
05:50:35:535 -60.550976 26.982164 4.898328
05:50:35:555 -114.3312 57.40404 -19.066376
05:50:35:578 -99.70126 52.43564 -74.24804
05:50:35:595 -9.465122 28.540564 -114.56252
05:50:35:614 26.905441 9.616041 -86.286835
05:50:35:637 18.076515 -44.406605 -36.467327
05:50:35:655 17.142773 -83.027695 -26.492287
05:50:35:674 50.107193 -102.62356 -29.238583
05:50:35:696 108.46625 -84.971954 -28.754044
05:50:35:713 125.65604 -58.40044 -6.722164
05:50:35:733 117.76361 -19.90447 17.607307
05:50:35:756 152.4397 45.9445 23.662937
05:50:35:774 214.27498 86.17344 22.569645
05:50:35:795 214.32542 63.192463 33.18753
05:50:35:818 15.1620865 89.24546 519.5791
05:50:35:835 -52.22845 83.84657 68.58921
05:50:35:855 -209.19041 78.76129 75.36636
05:50:35:877 -287.06613 70.47916 153.3825
05:50:35:895 -291.90405 45.84856 -47.95791
05:50:35:914 -245.39885 70.58177 -33.38624
05:50:35:936 -110.6998 59.530067 -75.16911
05:50:35:955 -15.773916 98.95725 -140.58293
05:50:35:974 70.510056 107.131004 -149.05087
05:50:35:997 121.149254 125.16246 -38.026886
05:50:36:014 150.16803 36.34648 -57.23739
05:50:36:034 22.831154 1.4951706 59.94127
05:50:36:056 -8.742523 -104.53506 194.09955
05:50:36:077 42.80691 -135.919 181.13782
05:50:36:095 1.8749237 -206.23007 64.8457
05:50:36:117 -77.60687 -168.04877 -10.566126
05:50:36:135 -67.44866 -93.25748 24.109236
05:50:36:154 -69.85688 -63.305046 137.08571
05:50:36:176 -81.552124 -67.11664 95.30292
05:50:36:194 -89.75906 -69.97443 11.118054
05:50:36:213 -127.35443 -83.37002 -31.903994
05:50:36:236 -177.35109 -78.95472 -89.88131
05:50:36:255 -201.45044 -57.417534 -111.36269
05:50:36:274 -209.42891 -54.1703 -50.207138
05:50:36:298 -154.13521 -60.57503 11.1675415
05:50:36:315 -86.34057 -69.33808 25.598186
05:50:36:335 140.47446 -52.788853 102.07543
05:50:36:357 527.4511 -109.84542 263.24216
05:50:36:374 857.52734 -124.46086 435.2725
05:50:36:394 1059.1458 -127.342285 297.84244
05:50:36:417 572.0708 -86.35893 728.2384
05:50:36:436 -299.89194 124.17874 183.22568
05:50:36:455 -552.12695 111.02702 -202.98361
05:50:36:476 -670.4028 136.70714 -183.64804
05:50:36:494 -150.55666 682.8424 133.8821
05:50:36:514 525.8173 982.6065 -725.7189
05:50:36:537 -21.233559 -35.055206 -818.0872
05:50:36:554 -424.0136 -199.09116 -339.95782
05:50:36:575 -557.7603 -305.9941 -114.51872
05:50:36:595 -488.15598 -302.641 -45.83645
05:50:36:613 -199.17433 -127.76222 -54.291023
05:50:36:633 184.28688 129.55603 -80.208885
05:50:36:656 457.72754 236.19185 -202.65198
05:50:36:674 348.75174 166.9262 -223.79808
05:50:36:694 105.84736 -7.6254845 -95.90924
05:50:36:716 -68.74724 -133.09274 60.799755
05:50:36:734 -157.8559 -160.29749 121.42575
05:50:36:754 -98.70267 -156.77777 148.28232
05:50:36:777 -13.071632 -79.26059 345.60312
05:50:36:794 81.09979 -30.84631 57.166924
05:50:36:814 156.05383 28.38006 -217.06209
05:50:36:836 57.228756 -38.397835 3.9097667
05:50:36:854 6.899929 -93.92715 28.602892
05:50:36:874 -4.4402122 -98.31829 -3.3589363
05:50:36:896 -27.877998 -50.689507 -11.114997
05:50:36:914 -25.75016 -48.40479 -3.720361
05:50:36:933 -22.132397 -10.758686 12.155527
05:50:36:955 -9.661198 21.848202 36.731842
05:50:36:973 -34.16176 15.371609 33.599396
05:50:36:993 -36.523438 29.536104 12.130785
05:50:37:015 -3.1690598 46.997025 -61.357452
05:50:37:033 -2.34375 35.107567 -95.24758
05:50:37:054 -32.90477 69.65065 -52.446854
05:50:37:076 5.0890923 86.17568 -29.890347
05:50:37:094 64.02388 -19.16871 -73.3301
05:50:37:114 64.435486 -95.39957 -78.96752
05:50:37:136 120.12033 -128.036 -77.1566
05:50:37:154 209.48915 -139.97104 76.18496
05:50:37:174 162.6112 -28.464508 450.3528
05:50:37:195 219.15598 83.1511 45.00416
05:50:37:213 358.05588 41.237305 -245.18033
05:50:37:232 232.81288 38.161514 341.70566
05:50:37:254 -123.47307 70.94455 345.00122
05:50:37:272 -221.93994 140.84253 115.8719
05:50:37:292 -164.91022 309.1961 -115.125534
05:50:37:314 -134.6098 528.9236 -417.72183
05:50:37:332 -296.7398 373.52954 -321.72726
05:50:37:352 -243.13812 57.480717 -170.03865
05:50:37:375 -116.936066 -158.77376 54.93645
05:50:37:392 -18.46447 -242.51886 171.89922
05:50:37:413 77.168564 -284.6144 107.638824
05:50:37:435 90.657715 -340.8928 92.43194
05:50:37:453 -45.84675 -145.14732 97.12214
05:50:37:473 -163.86122 19.877005 60.650475
05:50:37:495 -147.5616 5.7498455 19.022915
05:50:37:515 -112.87761 -42.90252 -19.833853
05:50:37:534 -115.96875 -116.8766 -27.16806
05:50:37:556 -132.8073 -108.82461 -34.950844
05:50:37:574 -191.67357 -52.199078 -14.74428
05:50:37:594 -283.0128 -0.3861904 17.127417
05:50:37:616 -255.9077 13.673639 23.087492
05:50:37:634 -189.0197 -3.0436516 17.320742
05:50:37:653 -89.539215 -39.210938 32.62771
05:50:37:675 105.736496 43.52417 152.51988
05:50:37:692 413.46683 135.95348 328.30664
05:50:37:713 1056.526 0.92463493 589.03284
05:50:37:736 1213.9393 -422.95117 526.1988
05:50:37:754 468.54526 -422.0648 295.116
05:50:37:774 -161.09819 55.20079 88.98854
05:50:37:796 -531.4998 29.603458 -117.286446
05:50:37:814 -545.6797 -83.77228 -248.40355
05:50:37:834 -486.15323 -30.05023 -211.17307
05:50:37:856 8.143997 559.9713 -159.93596
05:50:37:874 558.1561 919.1704 -634.00275
05:50:37:894 393.4677 442.0855 -287.31198
05:50:37:916 -281.1129 -184.56459 -129.86467
05:50:37:934 -562.0042 -187.49242 -141.05089
05:50:37:954 -511.08832 -272.19775 -85.06712
05:50:37:976 -293.37085 -133.86278 -103.87205
05:50:37:994 5.6885242 -0.20980835 -151.66966
05:50:38:014 257.3862 177.96622 -228.79079
05:50:38:035 302.06308 73.03471 -214.25397
05:50:38:053 124.42674 -18.955183 -127.73161
05:50:38:073 -73.421005 -41.0223 -31.314754
05:50:38:096 -147.99533 -119.20333 -1.4921427
05:50:38:114 -113.60774 -103.79052 59.525097
05:50:38:134 -11.587858 -89.92791 114.46824
05:50:38:156 149.70956 -67.34534 107.85565
05:50:38:174 235.07596 -66.13498 116.54817
05:50:38:194 111.6355 -10.768747 241.87512
05:50:38:216 -37.87546 -14.169741 60.953037
05:50:38:232 -52.71077 -30.48997 -26.130486
05:50:38:252 17.209435 -25.924349 -37.568546
05:50:38:275 38.85956 -37.78672 -20.86082
05:50:38:292 28.980732 -52.25668 24.301327
05:50:38:313 -32.93724 -42.37995 54.301704
05:50:38:336 -58.337307 -9.003544 21.030952
05:50:38:352 -61.801674 28.232431 3.0337393
05:50:38:373 -43.12043 51.700356 -38.562996
05:50:38:394 -26.643085 85.98957 -96.166214
05:50:38:412 -58.090496 116.677185 -93.59712
05:50:38:432 -48.004677 111.72977 -66.64139
05:50:38:456 37.63838 -32.053757 -76.106606
05:50:38:474 77.03848 -114.710045 -69.50469
05:50:38:494 148.01617 -145.78288 -69.39475
05:50:38:516 236.01971 -260.47433 259.7623
05:50:38:534 186.70883 -130.805 209.91681
05:50:38:554 275.40167 83.64177 -20.543873
05:50:38:576 508.01733 183.56252 -53.4027
05:50:38:594 97.073654 97.81523 298.79724
05:50:38:614 -162.15163 57.565643 389.2067
05:50:38:636 -258.82053 103.13201 113.69402
05:50:38:657 -129.09889 248.95563 -169.54189
05:50:38:674 -82.59268 387.06717 -392.68286
05:50:38:695 -239.2281 385.12125 -396.3178
05:50:38:712 -231.2232 175.35849 -196.38278
05:50:38:732 -82.6951 -29.80256 -99.06901
05:50:38:754 2.990532 -288.17 278.54523
05:50:38:774 61.38735 -283.21005 226.09239
05:50:38:794 32.25422 -321.57288 52.1577
05:50:38:816 -96.20886 -141.3754 -5.2016287
05:50:38:834 -213.15346 -7.9437733 37.786392
05:50:38:854 -164.39343 41.91356 73.90069
05:50:38:876 -145.30573 -30.061102 34.98626
05:50:38:894 -122.18242 -125.56615 8.643269
05:50:38:914 -149.07918 -96.43054 -17.794302
05:50:38:936 -172.51205 -38.261414 -9.829976
05:50:38:954 -199.11159 -18.158865 18.760357
05:50:38:974 -206.02553 -2.8430462 36.65253
05:50:38:996 -167.31046 8.451939 20.128008
05:50:39:018 -98.79615 -1.2832165 15.144697
05:50:39:034 6.39081 43.41116 69.578354
05:50:39:054 253.9257 106.748726 253.334
05:50:39:072 698.46814 -11.329699 430.0276
05:50:39:092 1405.7733 -313.99866 643.7853
05:50:39:116 780.8007 -547.70593 320.42154
05:50:39:134 37.947464 -51.058388 268.02133
05:50:39:154 -407.3155 68.1407 -63.701916
05:50:39:176 -612.0162 -68.074326 -186.38171
05:50:39:194 -410.12305 24.072765 -175.92125
05:50:39:214 386.54462 848.4435 -48.796844
05:50:39:236 743.4615 732.9612 -724.5662
05:50:39:254 -364.85614 31.663322 -143.70343
05:50:39:272 -777.4439 -109.32336 -356.68875
05:50:39:294 -717.5346 -289.91855 -241.48792
05:50:39:313 -528.05756 -346.6685 -148.36949
05:50:39:334 -313.84174 -176.20062 -125.78265
05:50:39:356 85.84895 303.80002 -241.60101
05:50:39:377 431.84274 548.54944 -323.14627
05:50:39:393 725.4935 266.83484 -323.83286
05:50:39:414 88.3234 -36.302803 -69.056656
05:50:39:432 -100.77133 -180.93509 111.20468
05:50:39:452 -162.02245 -233.81514 140.29701
05:50:39:477 -71.58074 -158.89545 152.65298
05:50:39:494 87.924194 -96.08655 143.76663
05:50:39:512 290.2296 -119.77463 186.07538
05:50:39:534 117.25845 -96.39435 123.7683
05:50:39:552 16.61539 -37.08315 -44.833385
05:50:39:572 -85.35175 -44.223785 -34.334373
05:50:39:594 -69.62223 -81.92372 35.932903
05:50:39:612 -31.371975 -46.767853 32.960243
05:50:39:632 5.9322357 -5.618334 14.301056
05:50:39:654 18.153763 15.617228 1.8637419
05:50:39:672 5.5205345 6.7475796 2.4487078
05:50:39:692 -21.441841 2.908039 10.003728
05:50:39:714 -48.183205 19.5652 6.4706507
05:50:39:732 -48.315144 47.256615 -12.828427
05:50:39:752 -38.269043 60.7903 -51.635815
05:50:39:775 -29.657555 82.53517 -70.23148
05:50:39:793 -33.8778 21.781921 -21.899176
05:50:39:814 34.191227 -29.693794 -32.459618
05:50:39:836 89.0295 -130.25233 -71.36314
05:50:39:854 123.13147 -135.42325 -80.84172
05:50:39:874 158.26627 -138.79378 2.55785
05:50:39:896 160.13278 -102.79872 419.22473
05:50:39:915 172.9271 76.74088 197.08647
05:50:39:934 433.31622 214.05168 -220.24316
05:50:39:956 302.4068 149.78862 266.45898
05:50:39:974 -69.521904 112.55231 297.63724
05:50:39:994 -169.77654 103.64132 85.45081
05:50:40:016 -111.878586 366.7783 -297.293
05:50:40:034 -179.33597 454.31787 -397.77197
05:50:40:054 -184.45883 195.28046 -277.03604
05:50:40:074 -154.84576 -70.75295 -87.93254
05:50:40:092 -145.13774 -158.69421 29.447353
05:50:40:112 -6.356621 -390.90024 -3.0664444
05:50:40:136 185.88219 -503.87912 -148.59969
05:50:40:154 77.069 -135.32758 -25.790358
05:50:40:174 -138.88922 55.889416 272.23544
05:50:40:196 -221.248 58.311035 224.68385
05:50:40:214 -203.04813 -59.273865 52.94629
05:50:40:234 -174.31412 -78.64041 -55.712475
05:50:40:256 -220.66512 -67.70091 -64.87343
05:50:40:274 -226.90768 32.033157 27.399645
05:50:40:294 -195.70026 55.89018 76.892265
05:50:40:314 -177.8214 33.79426 59.598396
05:50:40:332 -81.92139 13.435936 95.56422
05:50:40:352 -82.201294 -7.830858 46.37928
05:50:40:377 -53.310776 31.85215 84.03122
05:50:40:391 100.24166 58.426952 82.3568
05:50:40:412 112.75544 58.80871 208.58421
05:50:40:434 363.34323 -65.57975 245.97423
05:50:40:452 524.3558 -236.15257 241.40868
05:50:40:473 738.7851 -228.37968 94.67437
05:50:40:494 444.88153 -166.99734 -98.5637
05:50:40:512 237.91533 -42.998505 -33.26397
05:50:40:531 -83.57277 -10.647607 145.202
05:50:40:553 -228.71112 22.894812 15.410519
05:50:40:571 -323.75232 160.24847 -9.507394
05:50:40:591 -87.763306 612.0338 -8.180547
05:50:40:615 361.90805 804.13904 -476.20535
05:50:40:632 -20.963001 120.40162 -386.519
05:50:40:652 -416.1355 -262.62842 -203.29251
05:50:40:675 -533.6444 -309.513 -30.661573
05:50:40:691 -399.1419 -238.41638 27.953243
05:50:40:711 -166.65454 -165.06653 60.287903
05:50:40:735 -20.505428 -78.22995 159.13313
05:50:40:752 75.535774 -44.57898 83.63494
05:50:40:772 90.117645 71.791885 -71.576904
05:50:40:794 182.23076 280.1968 -358.94016
05:50:40:813 167.81187 235.07533 -298.64465
05:50:40:832 -121.650604 98.80171 -181.26158
05:50:40:854 -291.92715 -145.06273 -77.39496
05:50:40:872 -42.9574 -149.57004 -77.047775
05:50:40:893 226.13115 -76.55911 -14.71045
05:50:40:915 314.40973 -41.709995 170.57962
05:50:40:933 169.35625 -117.45491 272.26697
05:50:40:951 -12.768459 -72.3197 210.91808
05:50:40:974 -22.09034 -27.975225 60.704773
05:50:40:991 -13.6499405 -15.676212 -40.311665
05:50:41:011 -71.638725 -12.157869 -171.6919
05:50:41:033 -93.32085 -45.544624 -154.40076
05:50:41:051 -70.44282 8.001995 -87.89381
05:50:41:072 -31.645393 36.282158 17.98582
05:50:41:095 21.228409 54.500816 23.58266
05:50:41:112 -80.512146 99.914024 -21.74077
05:50:41:132 -56.364967 85.102844 -68.15124
05:50:41:155 -31.109428 2.5749207 39.52613
05:50:41:172 29.7019 -60.957382 48.09351
05:50:41:192 83.52265 -63.514614 19.32062
05:50:41:214 53.027058 -16.717196 -19.787228
05:50:41:232 19.245052 -77.54035 -17.170572
05:50:41:252 -13.143778 -80.61189 10.014761
05:50:41:274 -96.13433 -51.847744 12.608814
05:50:41:292 -64.26568 58.889816 -40.09695
05:50:41:312 -30.342913 85.03714 -83.02772
05:50:41:335 60.00414 18.803406 -28.113783
05:50:41:355 193.19211 108.51526 -22.107935
05:50:41:371 140.95421 75.70271 51.651848
05:50:41:394 50.89531 12.293577 29.828966
05:50:41:411 -9.084606 57.337234 -17.318356
05:50:41:432 91.18481 7.5613976 -210.56833
05:50:41:453 120.6418 14.476967 -188.56654
05:50:41:471 98.04582 40.887497 -95.11454
05:50:41:492 -31.508446 57.993507 125.98517
05:50:41:514 -196.25383 5.021715 236.59138
05:50:41:531 -138.4235 -91.945175 371.238
05:50:41:551 -61.51252 -89.83722 220.18208
05:50:41:574 -252.62761 -32.220604 89.951775
05:50:41:591 -194.44046 53.330326 79.04848
05:50:41:611 -39.09483 55.497597 50.21393
05:50:41:634 175.01479 45.164253 117.36257
05:50:41:652 203.41225 73.86517 27.808067
05:50:41:672 276.88885 140.11441 36.22902
05:50:41:693 166.15553 204.98938 41.43344
05:50:41:711 84.84745 41.40468 -221.60408
05:50:41:732 -35.554695 112.03904 -166.55692
05:50:41:752 -157.73459 154.18082 -67.16355
05:50:41:770 -188.82193 -6.520796 -188.76794
05:50:41:790 -168.87097 133.84285 -220.73564
05:50:41:812 -183.36534 7.280922 -164.13829
05:50:41:830 -323.294 9.655571 -27.303337
05:50:41:853 -293.49585 52.928352 66.45819
05:50:41:873 -116.61525 93.29281 -20.385574
05:50:41:891 -215.49599 156.4226 137.69131
05:50:41:910 -107.84712 121.69037 181.21515
05:50:41:934 256.96555 212.8521 277.13608
05:50:41:953 108.84376 10.535622 86.09714
05:50:41:972 -108.680916 -119.52152 -71.7141
05:50:41:994 -167.77548 -167.63696 -64.45834
05:50:42:012 -75.41699 -145.79362 60.102306
05:50:42:034 95.39003 -12.819099 262.99194
05:50:42:054 228.77942 -10.638332 224.95074
05:50:42:070 88.97643 -18.087769 159.65717
05:50:42:092 2.8006554 -79.40297 93.24818
05:50:42:115 -6.1873436 -60.6493 107.73529
05:50:42:135 -110.48951 -75.14377 81.59124
05:50:42:156 -0.09074211 -23.913574 111.24306
05:50:42:178 42.06667 -30.240297 35.93731
05:50:42:191 77.32491 -50.05045 -6.302333
05:50:42:211 -104.39854 -68.197014 -28.409994
05:50:42:234 -63.789986 -79.458046 31.095291
05:50:42:251 35.353424 -50.73314 124.669624
05:50:42:271 17.556381 -2.086544 137.66103
05:50:42:295 22.089863 -130.00235 156.86507
05:50:42:313 26.291275 -87.14619 134.49449
05:50:42:334 -186.02385 -46.540356 14.3146515
05:50:42:355 -132.92113 -37.998436 28.115868
05:50:42:374 -132.76968 -44.57283 30.345917
05:50:42:394 -152.95198 -62.282608 -30.121183
05:50:42:416 -122.55313 -25.691795 23.597002
05:50:42:432 -113.55741 2.623129 -29.007889
05:50:42:452 103.569176 107.06353 35.597084
05:50:42:474 26.158905 -61.64498 -55.03466
05:50:42:492 90.45686 43.39032 2.516985
05:50:42:512 80.41024 58.65502 65.605545
05:50:42:534 15.101957 -4.2176723 140.01913
05:50:42:552 60.733223 31.486511 118.52775
05:50:42:572 43.606472 47.982693 99.41921
05:50:42:595 -56.671906 -47.233105 58.848858
05:50:42:611 -84.412094 -20.547724 60.870075
05:50:42:631 -38.032196 -59.15203 27.05183
05:50:42:653 -67.967964 -82.56535 47.116566
05:50:42:671 -25.06845 -100.33832 26.009178
05:50:42:691 -42.848278 -115.89746 41.493843
05:50:42:714 -43.66417 -99.42193 60.777138
05:50:42:732 -165.94604 -88.92307 22.76349
05:50:42:751 -88.70218 -75.543976 -10.520458
05:50:42:773 -146.23773 -15.9974575 -19.71736
05:50:42:791 -136.91055 8.654737 -31.480312
05:50:42:812 -164.501 175.86383 71.16136
05:50:42:833 -78.35213 159.27061 128.94893
05:50:42:851 30.982327 120.13793 228.81064
05:50:42:871 105.61657 124.4586 163.12819
05:50:42:893 -159.14815 -18.423033 -134.40004
05:50:42:911 -34.803738 -51.70598 -23.241568
05:50:42:932 56.0524 -94.61346 76.794624
05:50:42:953 52.8867 -218.38956 -23.225832
05:50:42:971 97.28188 -149.42813 135.036
05:50:42:991 94.48967 -171.8335 247.27983
05:50:43:014 -47.952843 -211.97662 70.831535
05:50:43:033 -81.8423 -97.56152 32.53093
05:50:43:051 -33.103264 -59.661148 -5.962801
05:50:43:073 14.124298 -57.497574 43.306778
05:50:43:091 51.33171 -75.11244 140.37657
05:50:43:111 98.52798 -125.9804 159.61209
05:50:43:133 58.327366 -67.647575 97.61753
05:50:43:153 31.14698 -66.75985 -29.361057
05:50:43:172 -13.96544 -56.664085 -86.31463
05:50:43:193 -5.6176424 -61.612343 -69.24324
05:50:43:211 18.49091 -79.74506 19.498253
05:50:43:231 12.877321 -58.432877 23.643398
05:50:43:255 -21.685673 -85.82086 37.87737
05:50:43:273 -127.29365 -134.35559 84.89132
05:50:43:292 -21.961927 -9.798061 48.375797
05:50:43:315 -87.86543 -32.547367 4.031563
05:50:43:332 -75.65552 -40.59509 -4.8194885
05:50:43:351 -50.181164 -39.94622 1.5075684
05:50:43:373 -50.871277 -22.762955 13.65633
05:50:43:391 -50.082577 -0.780046 41.571712
05:50:43:411 -55.006344 29.63959 94.16771
05:50:43:433 -36.918022 32.714153 60.202408
05:50:43:451 -6.9324613 43.410088 -2.4051666
05:50:43:471 -14.548433 32.62111 -3.647995
05:50:43:493 -23.131275 52.338123 -19.007969
05:50:43:511 -6.6294193 -14.634382 -36.659145
05:50:43:531 -33.651752 -37.374138 -104.60329
05:50:43:554 45.67301 -14.192867 -17.21754
05:50:43:571 -48.506237 -87.013374 105.74818
05:50:43:591 -123.84963 -104.08826 140.14569
05:50:43:613 -134.51497 -51.091557 220.33777
05:50:43:631 -80.79611 85.92756 108.27274
05:50:43:651 31.708733 103.028046 -73.70243
05:50:43:674 35.9018 178.76807 -51.68333
05:50:43:692 -70.11423 110.26075 4.048729
05:50:43:712 -53.601337 72.885254 -38.90028
05:50:43:735 -11.468187 51.795746 -56.595325
05:50:43:753 8.638856 75.722595 -75.73137
05:50:43:773 14.955847 65.36662 -72.26915
05:50:43:795 4.8776226 48.654007 -78.3103
05:50:43:813 19.800081 59.992836 -71.07611
05:50:43:832 0.5167067 55.272865 -37.70666
05:50:43:855 -24.870178 43.26062 -33.9962
05:50:43:871 8.068988 34.80003 -32.751656
05:50:43:891 12.392995 0.4495144 13.447857
05:50:43:913 18.91687 -5.578184 31.253242
05:50:43:931 39.267784 6.2638044 -0.08945465
05:50:43:952 47.120674 -4.9491167 6.44083
05:50:43:975 32.716446 -21.006536 24.881458
05:50:43:992 6.6358747 -5.8873177 13.009739
05:50:44:012 5.8833303 9.272718 -2.0424843
05:50:44:035 10.64446 -10.586762 15.030098
05:50:44:053 17.901129 -22.451973 29.262829
05:50:44:073 36.922855 -17.386936 1.1914253
05:50:44:095 17.85423 -2.0339727 -15.902615
05:50:44:113 -14.639455 3.1613827 -2.570343
05:50:44:133 -28.758797 13.255453 -6.4617157
05:50:44:158 -8.2583065 8.880496 -18.768883
05:50:44:171 -10.629028 -14.156771 13.907719
05:50:44:191 -14.824104 -12.091589 30.471992
05:50:44:213 2.697903 4.500842 -1.2890816
05:50:44:231 14.033919 -1.1878967 -12.71534
05:50:44:251 5.4808736 -3.0572891 -43.309116
05:50:44:275 2.8523624 5.407381 -83.68206
05:50:44:292 -8.061373 16.967678 -69.244095
05:50:44:312 -25.79484 31.004452 -10.574436
05:50:44:335 -13.740364 23.654318 0.35133362
05:50:44:352 -9.268415 15.092611 4.878044
05:50:44:373 -27.71818 3.8377762 28.611374
05:50:44:395 -24.089964 17.81895 16.759682
05:50:44:412 -28.465986 21.34223 25.091839
05:50:44:431 -17.7927 18.989182 42.100716
05:50:44:455 56.444828 41.624165 -175.86632
05:50:44:471 -24.75696 -1.1782169 38.59024
05:50:44:491 35.550064 -22.778393 51.175594
05:50:44:513 35.527103 -21.862007 52.624607
05:50:44:531 39.339577 -8.87022 73.895645
05:50:44:553 59.62833 -20.887207 -17.308712
