21:27:59:899 0.22266756 -0.17478207 9.699207
21:28:00:080 0.22266756 -0.16520496 9.6585045
21:28:00:263 0.21309046 -0.16520496 9.675264
21:28:00:444 0.21787901 -0.16520496 9.663293
21:28:00:627 0.22506183 -0.16759923 9.680053
21:28:00:810 0.20351335 -0.17717634 9.6585045
21:28:00:993 0.19154198 -0.19633053 9.651321
21:28:01:176 0.22027329 -0.15323359 9.632168
21:28:01:359 0.22745611 -0.16759923 9.6585045
21:28:01:542 0.2681588 -0.15562786 9.653716
21:28:01:726 0.25379312 -0.22506183 9.663293
21:28:01:910 0.22506183 -0.14126222 9.644139
21:28:02:093 0.20351335 -0.16520496 9.660899
21:28:02:274 0.2466103 -0.17717634 9.653716
21:28:02:458 0.23224466 -0.17238778 9.660899
21:28:02:642 0.21069619 -0.16759923 9.6585045
21:28:02:824 0.22985038 -0.18196489 9.663293
21:28:03:007 0.20351335 -0.19154198 9.663293
21:28:03:190 0.22506183 -0.17478207 9.672871
21:28:03:374 0.22266756 -0.17238778 9.677659
21:28:03:555 0.24182175 -0.16281068 9.670476
21:28:03:739 0.18914771 -0.16759923 9.6896305
21:28:03:922 0.24900457 -0.17717634 9.675264
21:28:04:103 0.22985038 -0.17957062 9.653716
21:28:04:286 0.22745611 -0.16520496 9.670476
21:28:04:470 0.22266756 -0.16520496 9.656111
21:28:04:652 0.21548474 -0.16281068 9.648928
21:28:04:836 0.21309046 -0.15562786 9.665688
21:28:05:019 0.21548474 -0.18675344 9.656111
21:28:05:202 0.22745611 -0.17238778 9.648928
21:28:05:385 0.21548474 -0.17238778 9.6585045
21:28:05:568 0.21069619 -0.16281068 9.651321
21:28:05:749 0.21787901 -0.16520496 9.665688
21:28:05:931 0.20590763 -0.16041641 9.644139
21:28:06:115 0.20351335 -0.16759923 9.6585045
21:28:06:297 0.22506183 -0.15083931 9.653716
21:28:06:480 0.21309046 -0.16759923 9.648928
21:28:06:664 0.21787901 -0.16759923 9.6585045
21:28:06:848 0.23942748 -0.16759923 9.670476
21:28:07:030 0.22027329 -0.14605077 9.675264
21:28:07:214 0.22506183 -0.1699935 9.653716
21:28:07:396 0.2370332 -0.16281068 9.651321
21:28:07:579 0.22027329 -0.18196489 9.656111
21:28:07:762 0.21309046 -0.17238778 9.663293
21:28:07:944 0.21787901 -0.16759923 9.653716
21:28:08:127 0.22506183 -0.15562786 9.660899
21:28:08:309 0.23224466 -0.17957062 9.672871
21:28:08:493 0.22745611 -0.15802214 9.665688
21:28:08:676 0.22745611 -0.18435916 9.668081
21:28:08:859 0.21787901 -0.17478207 9.668081
21:28:09:042 0.22506183 -0.17957062 9.670476
21:28:09:225 0.20111908 -0.16281068 9.663293
21:28:09:408 0.22027329 -0.17478207 9.6585045
21:28:09:591 0.22027329 -0.16281068 9.680053
21:28:09:774 0.21787901 -0.18196489 9.663293
21:28:09:956 0.20351335 -0.16520496 9.660899
21:28:10:138 0.22506183 -0.15802214 9.668081
21:28:10:322 0.22506183 -0.1699935 9.648928
21:28:10:505 0.21787901 -0.17478207 9.663293
21:28:10:687 0.22266756 -0.16041641 9.680053
21:28:10:873 0.20351335 -0.17478207 9.677659
21:28:11:054 0.2370332 -0.17478207 9.6585045
21:28:11:237 0.22027329 -0.17717634 9.6896305
21:28:11:418 0.22506183 -0.15802214 9.668081
21:28:11:602 0.2083019 -0.18196489 9.672871
21:28:11:784 0.21309046 -0.15562786 9.663293
21:28:11:967 0.21548474 -0.15802214 9.668081
21:28:12:150 0.21787901 -0.14126222 9.677659
21:28:12:332 0.23224466 -0.14365649 9.670476
21:28:12:516 0.22027329 -0.17238778 9.668081
21:28:12:699 0.21787901 -0.16520496 9.672871
21:28:12:882 0.22027329 -0.17478207 9.684841
21:28:13:065 0.21787901 -0.15802214 9.672871
21:28:13:248 0.22745611 -0.17238778 9.663293
21:28:13:431 0.22266756 -0.1699935 9.687236
21:28:13:614 0.20590763 -0.15562786 9.670476
21:28:13:797 0.23463893 -0.16281068 9.663293
21:28:13:978 0.23942748 -0.17478207 9.653716
21:28:14:162 0.22506183 -0.16759923 9.668081
21:28:14:347 0.22027329 -0.18196489 9.660899
21:28:14:528 0.21069619 -0.17478207 9.670476
21:28:14:711 0.21069619 -0.18196489 9.680053
21:28:14:895 0.21069619 -0.17717634 9.663293
21:28:15:076 0.21548474 -0.17478207 9.675264
21:28:15:260 0.21309046 -0.17478207 9.670476
21:28:15:443 0.22027329 -0.16281068 9.672871
21:28:15:626 0.23224466 -0.16520496 9.682447
21:28:15:809 0.22745611 -0.16041641 9.660899
21:28:15:991 0.21069619 -0.17238778 9.653716
21:28:16:173 0.22027329 -0.18196489 9.665688
21:28:16:358 0.20590763 -0.15802214 9.682447
21:28:16:541 0.23224466 -0.15323359 9.668081
21:28:16:724 0.2370332 -0.16281068 9.665688
21:28:16:908 0.21069619 -0.16759923 9.663293
21:28:17:090 0.23224466 -0.16041641 9.663293
21:28:17:273 0.21309046 -0.14605077 9.672871
21:28:17:456 0.23463893 -0.17717634 9.677659
21:28:17:639 0.21787901 -0.16281068 9.692024
21:28:17:822 0.22745611 -0.1699935 9.665688
21:28:18:003 0.22506183 -0.18675344 9.6585045
21:28:18:185 0.22745611 -0.1699935 9.672871
21:28:18:370 0.22745611 -0.17717634 9.665688
21:28:18:553 0.21309046 -0.17478207 9.675264
21:28:18:736 0.20111908 -0.16759923 9.651321
21:28:18:919 0.2370332 -0.17478207 9.663293
21:28:19:102 0.21548474 -0.14844504 9.660899
21:28:19:284 0.22027329 -0.15562786 9.692024
21:28:19:467 0.21548474 -0.17238778 9.672871
21:28:19:650 0.22985038 -0.17238778 9.665688
21:28:19:833 0.21548474 -0.18196489 9.663293
21:28:20:018 0.23942748 -0.18196489 9.692024
21:28:20:199 0.22985038 -0.17238778 9.668081
21:28:20:383 0.21548474 -0.16041641 9.668081
21:28:20:566 0.21787901 -0.16520496 9.675264
21:28:20:752 0.22745611 -0.17957062 9.670476
21:28:20:932 0.2083019 -0.15802214 9.672871
21:28:21:115 0.21787901 -0.16041641 9.672871
21:28:21:298 0.2083019 -0.17478207 9.653716
21:28:21:480 0.21309046 -0.16281068 9.660899
21:28:21:664 0.20590763 -0.16759923 9.665688
21:28:21:847 0.20111908 -0.16041641 9.648928
21:28:22:027 0.23942748 -0.17478207 9.660899
21:28:22:211 0.20590763 -0.16759923 9.677659
21:28:22:393 0.23942748 -0.16281068 9.672871
21:28:22:578 0.23224466 -0.15802214 9.648928
21:28:22:760 0.21787901 -0.17238778 9.684841
21:28:22:944 0.21069619 -0.17957062 9.663293
21:28:23:126 0.22745611 -0.16759923 9.668081
21:28:23:310 0.22985038 -0.15323359 9.656111
21:28:23:491 0.2083019 -0.16041641 9.665688
21:28:23:674 0.20111908 -0.16041641 9.6585045
21:28:23:857 0.2370332 -0.18675344 9.682447
21:28:24:040 0.20590763 -0.14126222 9.672871
21:28:24:222 0.21069619 -0.1699935 9.670476
